# Proxy series have been linearly interpolated to annual dataseries, then smoothed using a 25 yr Gaussian low pass filter.					The composite series  have been normalised to the period 1000 - 1974 AD.  

# N1	Malangen Fjord	δ18O of benthic foraminifera 
# N2	Vøring Plateau	δ18O of planktonic foraminifera 
# N3	Vøring Plateau	Planktonic foraminifera 
# N4	Ranafjord	δ18O of benthic foraminifera 
# N5	Norwegian Margin	δ18O of planktonic foraminifera 
# N6	Norwegian Channel	δ18O of benthic foraminifera 
# I1	North Iceland Shelf	Arctica islandica shell growth increments 
# I2	North Iceland Shelf, core site MD99-2275	Diatoms 
# I3	North Iceland Shelf, core site MD99-2276	Alkenones 
# S1	Loch Sunart 	δ18O of benthic foraminifera 
# N_comp	Norwegian Coast	Composite record derived from N1-N6, normalised for the period 1000 - 1974  AD
# I_Comp	North Iceland Shelf	Composite record derived from I1-I3, normalised for the period 1000 - 1974  AD
# NENA_Comp		Composite record derived from the 10 proxy records shown above, normalised for the period 1000 - 1974  AD
#													
#													
Year	N1	N2	N3	N4	N5	N6	I1	I2	I3	S1	N_comp	I_Comp	NENA_Comp
1996								7.088					
1995							3.309	7.070		9.532			
1994							3.319	7.069		9.484			
1993							3.335	7.079		9.446			
1992							3.346	7.095		9.424			
1991							3.353	7.117	6.640	9.409			
1990							3.356	7.142	6.637	9.402			
1989							3.351	7.165	6.593	9.403			
1988				2.298	1.148		3.335	7.186	6.510	9.413			
1987				2.302	1.134		3.305	7.202	6.397	9.433			
1986				2.304	1.123		3.269	7.213	6.263	9.461			
1985	6.684		10.444	2.306	1.115		3.211	7.218	6.122	9.498			
1984	6.653		10.393	2.306	1.112		3.138	7.218	5.985	9.544			
1983	6.637		10.351	2.305	1.112		3.062	7.213	5.862	9.595			
1982	6.637		10.322	2.302	1.117		2.980	7.204	5.760	9.647			
1981	6.651		10.306	2.299	1.125		2.896	7.191	5.680	9.693			
1980	6.688		10.304	2.296	1.135		2.840	7.177	5.622	9.732			
1979	6.737		10.318	2.293	1.145		2.807	7.161	5.580	9.760			
1978	6.797		10.346	2.291	1.154		2.799	7.144	5.555	9.775			
1977	6.863		10.387	2.290	1.161		2.821	7.125	5.535	9.776			
1976	6.927		10.439	2.289	1.167		2.871	7.104	5.514	9.766			
1975	6.976	2.078	10.502	2.288	1.171	2.528	2.933	7.083	5.485	9.751			
1974	7.008	2.069	10.572	2.289	1.174	2.513	3.011	7.060	5.447	9.730	1.489	-1.161	0.441
1973	7.020	2.059	10.649	2.289	1.176	2.497	3.085	7.038	5.403	9.707	1.545	-1.150	0.493
1972	7.015	2.049	10.731	2.291	1.178	2.481	3.154	7.017	5.361	9.685	1.585	-1.141	0.531
1971	7.002	2.040	10.817	2.292	1.180	2.468	3.202	7.000	5.329	9.664	1.615	-1.138	0.561
1970	6.989	2.032	10.906	2.294	1.184	2.458	3.225	6.988	5.315	9.648	1.630	-1.140	0.575
1969	6.982	2.028	10.996	2.296	1.188	2.454	3.225	6.985	5.326	9.639	1.637	-1.139	0.587
1968	6.981	2.027	11.083	2.297	1.191	2.455	3.197	6.994	5.361	9.635	1.646	-1.135	0.599
1967	6.992	2.029	11.165	2.298	1.193	2.460	3.153	7.015	5.421	9.634	1.657	-1.120	0.618
1966	7.011	2.034	11.240	2.298	1.192	2.469	3.108	7.051	5.499	9.635	1.682	-1.084	0.656
1965	7.037	2.042	11.304	2.296	1.189	2.478	3.072	7.099	5.586	9.641	1.720	-1.026	0.715
1964	7.071	2.052	11.355	2.292	1.184	2.487	3.059	7.157	5.674	9.649	1.777	-0.942	0.800
1963	7.106	2.063	11.392	2.287	1.177	2.494	3.067	7.222	5.751	9.659	1.847	-0.841	0.903
1962	7.142	2.075	11.414	2.280	1.168	2.498	3.095	7.290	5.812	9.670	1.935	-0.729	1.023
1961	7.172	2.087	11.420	2.272	1.159	2.497	3.139	7.355	5.851	9.680	2.023	-0.619	1.143
1960	7.197	2.098	11.412	2.263	1.150	2.493	3.206	7.414	5.869	9.684	2.114	-0.507	1.262
1959	7.203	2.109	11.390	2.253	1.143	2.488	3.267	7.463	5.866	9.681	2.183	-0.417	1.350
1958	7.201	2.118	11.355	2.244	1.137	2.481	3.329	7.500	5.847	9.666	2.234	-0.345	1.411
1957	7.189	2.126	11.308	2.237	1.134	2.477	3.391	7.525	5.814	9.639	2.249	-0.291	1.433
1956	7.168	2.132	11.251	2.230	1.132	2.476	3.445	7.537	5.774	9.600	2.238	-0.258	1.423
1955	7.141	2.137	11.185	2.226	1.132	2.478	3.480	7.536	5.733	9.550	2.192	-0.251	1.369
1954	7.111	2.141	11.112	2.225	1.132	2.486	3.507	7.525	5.694	9.492	2.116	-0.259	1.285
1953	7.082	2.143	11.036	2.227	1.131	2.497	3.519	7.505	5.659	9.433	2.021	-0.285	1.183
1952	7.052	2.145	10.959	2.231	1.128	2.512	3.532	7.477	5.627	9.372	1.913	-0.317	1.071
1951	7.024	2.145	10.883	2.237	1.123	2.529	3.538	7.445	5.598	9.310	1.801	-0.357	0.954
1950	6.997	2.145	10.810	2.245	1.118	2.548	3.535	7.409	5.571	9.252	1.679	-0.406	0.829
1949	6.970	2.145	10.741	2.255	1.113	2.566	3.523	7.370	5.549	9.195	1.548	-0.462	0.696
1948	6.942	2.144	10.677	2.264	1.109	2.584	3.496	7.330	5.537	9.137	1.422	-0.525	0.562
1947	6.918	2.142	10.618	2.274	1.108	2.600	3.471	7.290	5.537	9.074	1.289	-0.583	0.425
1946	6.888	2.139	10.564	2.282	1.110	2.614	3.434	7.250	5.555	9.011	1.158	-0.641	0.288
1945	6.858	2.136	10.514	2.290	1.117	2.625	3.385	7.210	5.594	8.949	1.014	-0.700	0.142
1944	6.832	2.133	10.469	2.297	1.128	2.634	3.338	7.173	5.652	8.887	0.870	-0.746	0.001
1943	6.803	2.129	10.427	2.303	1.142	2.641	3.303	7.139	5.726	8.826	0.726	-0.776	-0.131
1942	6.777	2.126	10.388	2.308	1.159	2.647	3.274	7.107	5.810	8.769	0.578	-0.795	-0.260
1941	6.756	2.123	10.351	2.312	1.178	2.654	3.254	7.080	5.897	8.718	0.433	-0.802	-0.379
1940	6.740	2.122	10.313	2.316	1.198	2.661	3.237	7.057	5.980	8.675	0.284	-0.805	-0.495
1939	6.726	2.122	10.271	2.320	1.218	2.669	3.219	7.038	6.054	8.640	0.133	-0.807	-0.610
1938	6.717	2.125	10.224	2.323	1.236	2.678	3.200	7.025	6.115	8.616	-0.010	-0.810	-0.715
1937	6.712	2.130	10.170	2.325	1.251	2.689	3.174	7.017	6.162	8.603	-0.145	-0.817	-0.812
1936	6.710	2.137	10.110	2.327	1.263	2.700	3.135	7.014	6.194	8.602	-0.273	-0.834	-0.904
1935	6.709	2.144	10.043	2.329	1.271	2.711	3.107	7.016	6.212	8.614	-0.389	-0.844	-0.976
1934	6.706	2.152	9.974	2.330	1.276	2.722	3.091	7.022	6.216	8.637	-0.490	-0.847	-1.030
1933	6.698	2.160	9.906	2.330	1.278	2.731	3.089	7.032	6.206	8.671	-0.577	-0.842	-1.062
1932	6.685	2.168	9.844	2.329	1.277	2.736	3.111	7.044	6.180	8.712	-0.643	-0.825	-1.069
1931	6.671	2.179	9.791	2.328	1.275	2.738	3.157	7.057	6.139	8.757	-0.700	-0.797	-1.062
1930	6.654	2.192	9.753	2.326	1.272	2.736	3.216	7.070	6.082	8.800	-0.741	-0.766	-1.045
1929	6.637	2.206	9.732	2.324	1.268	2.729	3.293	7.082	6.010	8.836	-0.765	-0.730	-1.016
1928	6.626	2.222	9.729	2.322	1.265	2.718	3.369	7.090	5.925	8.863	-0.777	-0.704	-0.990
1927	6.622	2.238	9.743	2.320	1.263	2.703	3.436	7.093	5.830	8.883	-0.771	-0.692	-0.965
1926	6.633	2.253	9.771	2.319	1.262	2.686	3.481	7.090	5.728	8.899	-0.746	-0.704	-0.945
1925	6.660	2.264	9.809	2.319	1.261	2.666	3.493	7.081	5.623	8.909	-0.697	-0.746	-0.928
1924	6.697	2.272	9.851	2.319	1.260	2.646	3.473	7.065	5.521	8.914	-0.631	-0.815	-0.918
1923	6.737	2.275	9.890	2.321	1.259	2.627	3.423	7.044	5.427	8.919	-0.560	-0.907	-0.919
1922	6.779	2.275	9.920	2.324	1.258	2.610	3.339	7.018	5.341	8.926	-0.493	-1.023	-0.937
1921	6.822	2.272	9.937	2.329	1.256	2.598	3.234	6.991	5.264	8.934	-0.431	-1.151	-0.966
1920	6.865	2.267	9.938	2.336	1.252	2.591	3.110	6.965	5.195	8.944	-0.379	-1.288	-1.008
1919	6.907	2.260	9.923	2.344	1.247	2.589	2.988	6.944	5.133	8.957	-0.339	-1.415	-1.051
1918	6.948	2.253	9.897	2.354	1.240	2.592	2.879	6.931	5.081	8.971	-0.311	-1.522	-1.091
1917	6.988	2.244	9.863	2.365	1.232	2.598	2.787	6.928	5.040	8.986	-0.289	-1.603	-1.118
1916	7.024	2.235	9.828	2.377	1.222	2.607	2.721	6.935	5.012	9.000	-0.269	-1.651	-1.129
1915	7.056	2.228	9.796	2.390	1.213	2.618	2.692	6.952	4.999	9.014	-0.266	-1.659	-1.126
1914	7.084	2.222	9.771	2.404	1.204	2.629	2.685	6.975	5.000	9.028	-0.269	-1.640	-1.113
1913	7.102	2.216	9.757	2.417	1.197	2.640	2.711	7.000	5.014	9.042	-0.279	-1.591	-1.088
1912	7.105	2.212	9.752	2.429	1.193	2.652	2.761	7.023	5.040	9.054	-0.310	-1.524	-1.069
1911	7.088	2.208	9.757	2.441	1.191	2.663	2.823	7.038	5.077	9.064	-0.360	-1.453	-1.063
1910	7.049	2.205	9.769	2.451	1.193	2.675	2.883	7.041	5.121	9.075	-0.432	-1.392	-1.080
1909	6.987	2.204	9.785	2.459	1.198	2.685	2.947	7.029	5.172	9.085	-0.527	-1.342	-1.122
1908	6.902	2.202	9.805	2.465	1.206	2.694	2.990	7.002	5.229	9.095	-0.635	-1.318	-1.192
1907	6.798	2.202	9.825	2.469	1.215	2.701	3.009	6.961	5.290	9.104	-0.756	-1.323	-1.288
1906	6.683	2.203	9.844	2.470	1.227	2.705	3.003	6.908	5.356	9.112	-0.883	-1.355	-1.407
1905	6.562	2.204	9.863	2.469	1.240	2.707	2.962	6.849	5.423	9.118	-1.008	-1.417	-1.542
1904	6.446	2.205	9.882	2.466	1.254	2.707	2.894	6.788	5.490	9.122	-1.121	-1.498	-1.682
1903	6.346	2.207	9.902	2.460	1.268	2.704	2.809	6.731	5.552	9.124	-1.213	-1.589	-1.809
1902	6.271	2.209	9.924	2.453	1.281	2.699	2.703	6.683	5.607	9.122	-1.276	-1.688	-1.921
1901	6.222	2.211	9.950	2.445	1.292	2.693	2.607	6.647	5.652	9.116	-1.307	-1.772	-2.001
1900	6.196	2.212	9.981	2.437	1.301	2.686	2.530	6.628	5.692	9.106	-1.310	-1.827	-2.042
1899	6.191	2.213	10.019	2.428	1.307	2.678	2.473	6.627	5.726	9.095	-1.281	-1.854	-2.041
1898	6.204	2.214	10.063	2.420	1.310	2.670	2.452	6.643	5.751	9.083	-1.228	-1.842	-1.999
1897	6.232	2.215	10.113	2.412	1.309	2.661	2.460	6.675	5.769	9.072	-1.148	-1.797	-1.915
1896	6.268	2.215	10.167	2.406	1.306	2.652	2.508	6.718	5.781	9.062	-1.057	-1.716	-1.801
1895	6.306	2.215	10.225	2.401	1.302	2.644	2.596	6.769	5.791	9.054	-0.964	-1.602	-1.663
1894	6.344	2.216	10.284	2.397	1.297	2.635	2.710	6.824	5.803	9.045	-0.872	-1.464	-1.513
1893	6.379	2.216	10.342	2.395	1.291	2.626	2.843	6.881	5.819	9.036	-0.782	-1.311	-1.355
1892	6.409	2.217	10.397	2.394	1.286	2.618	2.980	6.939	5.836	9.026	-0.705	-1.153	-1.205
1891	6.436	2.219	10.446	2.394	1.280	2.609	3.113	6.996	5.851	9.015	-0.633	-1.000	-1.062
1890	6.461	2.221	10.490	2.395	1.275	2.599	3.224	7.053	5.859	9.004	-0.571	-0.864	-0.937
1889	6.484	2.223	10.526	2.397	1.268	2.590	3.315	7.111	5.857	8.996	-0.508	-0.745	-0.820
1888	6.507	2.227	10.553	2.399	1.261	2.580	3.377	7.168	5.848	8.992	-0.451	-0.649	-0.719
1887	6.526	2.231	10.574	2.401	1.253	2.571	3.404	7.224	5.827	8.997	-0.395	-0.582	-0.632
1886	6.544	2.236	10.587	2.404	1.245	2.561	3.408	7.276	5.800	9.010	-0.348	-0.537	-0.560
1885	6.560	2.241	10.594	2.407	1.236	2.552	3.379	7.319	5.770	9.032	-0.301	-0.525	-0.504
1884	6.571	2.247	10.598	2.410	1.228	2.543	3.342	7.349	5.742	9.060	-0.264	-0.530	-0.464
1883	6.578	2.252	10.600	2.413	1.220	2.534	3.317	7.361	5.718	9.094	-0.229	-0.544	-0.429
1882	6.582	2.257	10.601	2.416	1.214	2.525	3.297	7.355	5.700	9.133	-0.206	-0.571	-0.409
1881	6.580	2.262	10.602	2.419	1.208	2.516	3.307	7.330	5.687	9.172	-0.188	-0.594	-0.392
1880	6.579	2.265	10.606	2.421	1.203	2.509	3.337	7.290	5.678	9.211	-0.166	-0.618	-0.374
1879	6.581	2.268	10.614	2.424	1.200	2.501	3.384	7.238	5.663	9.246	-0.153	-0.645	-0.366
1878	6.588	2.270	10.625	2.426	1.197	2.494	3.454	7.181	5.647	9.278	-0.131	-0.662	-0.348
1877	6.596	2.270	10.641	2.428	1.193	2.487	3.507	7.124	5.639	9.305	-0.102	-0.687	-0.330
1876	6.607	2.269	10.662	2.430	1.190	2.481	3.555	7.068	5.641	9.328	-0.072	-0.711	-0.312
1875	6.618	2.267	10.686	2.432	1.186	2.475	3.577	7.019	5.653	9.349	-0.038	-0.741	-0.293
1874	6.630	2.264	10.715	2.433	1.182	2.470	3.558	6.977	5.668	9.368	0.002	-0.790	-0.281
1873	6.634	2.261	10.746	2.434	1.178	2.465	3.509	6.945	5.686	9.390	0.035	-0.849	-0.277
1872	6.630	2.257	10.779	2.434	1.176	2.461	3.431	6.925	5.705	9.419	0.061	-0.914	-0.278
1871	6.621	2.252	10.812	2.435	1.176	2.458	3.328	6.917	5.725	9.456	0.072	-0.984	-0.288
1870	6.602	2.248	10.846	2.436	1.179	2.456	3.197	6.922	5.743	9.500	0.060	-1.060	-0.313
1869	6.573	2.244	10.878	2.436	1.185	2.455	3.055	6.934	5.754	9.550	0.031	-1.140	-0.350
1868	6.538	2.240	10.908	2.436	1.194	2.455	2.911	6.949	5.761	9.600	-0.015	-1.219	-0.400
1867	6.500	2.237	10.936	2.437	1.205	2.456	2.776	6.961	5.767	9.641	-0.078	-1.295	-0.467
1866	6.463	2.234	10.961	2.438	1.218	2.459	2.656	6.968	5.774	9.666	-0.153	-1.366	-0.547
1865	6.426	2.232	10.981	2.438	1.231	2.462	2.563	6.970	5.784	9.670	-0.229	-1.423	-0.631
1864	6.392	2.231	10.998	2.439	1.243	2.467	2.503	6.968	5.796	9.651	-0.310	-1.461	-0.718
1863	6.365	2.231	11.012	2.440	1.253	2.473	2.462	6.968	5.814	9.609	-0.383	-1.481	-0.801
1862	6.347	2.231	11.022	2.442	1.259	2.481	2.437	6.974	5.842	9.547	-0.441	-1.481	-0.870
1861	6.339	2.232	11.030	2.443	1.261	2.491	2.442	6.987	5.866	9.471	-0.484	-1.456	-0.916
1860	6.343	2.233	11.035	2.445	1.259	2.502	2.469	7.010	5.885	9.388	-0.509	-1.407	-0.940
1859	6.358	2.234	11.039	2.446	1.253	2.517	2.512	7.041	5.901	9.307	-0.517	-1.340	-0.938
1858	6.382	2.235	11.041	2.448	1.243	2.534	2.581	7.077	5.912	9.233	-0.511	-1.253	-0.910
1857	6.415	2.237	11.042	2.450	1.233	2.555	2.657	7.114	5.912	9.172	-0.508	-1.164	-0.878
1856	6.453	2.238	11.043	2.452	1.222	2.579	2.761	7.151	5.899	9.125	-0.504	-1.062	-0.828
1855	6.487	2.238	11.043	2.454	1.213	2.606	2.864	7.186	5.875	9.094	-0.513	-0.966	-0.788
1854	6.516	2.238	11.042	2.456	1.205	2.637	2.976	7.217	5.846	9.077	-0.536	-0.870	-0.751
1853	6.537	2.237	11.042	2.457	1.200	2.670	3.088	7.245	5.817	9.072	-0.576	-0.778	-0.722
1852	6.557	2.235	11.040	2.458	1.197	2.704	3.190	7.268	5.786	9.074	-0.625	-0.698	-0.706
1851	6.570	2.233	11.039	2.458	1.196	2.740	3.280	7.287	5.751	9.082	-0.685	-0.631	-0.702
1850	6.571	2.229	11.036	2.458	1.196	2.774	3.363	7.301	5.715	9.093	-0.751	-0.575	-0.709
1849	6.567	2.224	11.034	2.457	1.196	2.807	3.441	7.312	5.680	9.105	-0.812	-0.525	-0.716
1848	6.561	2.219	11.031	2.455	1.196	2.838	3.512	7.320	5.643	9.118	-0.868	-0.484	-0.723
1847	6.556	2.213	11.028	2.452	1.194	2.864	3.576	7.326	5.604	9.128	-0.902	-0.449	-0.719
1846	6.552	2.207	11.024	2.448	1.192	2.886	3.646	7.328	5.566	9.136	-0.925	-0.415	-0.707
1845	6.546	2.200	11.021	2.443	1.189	2.901	3.726	7.328	5.534	9.141	-0.927	-0.373	-0.677
1844	6.539	2.193	11.018	2.437	1.185	2.911	3.801	7.324	5.509	9.142	-0.911	-0.337	-0.639
1843	6.533	2.186	11.015	2.431	1.182	2.915	3.884	7.316	5.492	9.138	-0.889	-0.295	-0.595
1842	6.524	2.179	11.012	2.424	1.178	2.914	3.967	7.302	5.481	9.128	-0.850	-0.258	-0.545
1841	6.515	2.173	11.011	2.416	1.176	2.907	4.044	7.280	5.480	9.111	-0.807	-0.229	-0.500
1840	6.507	2.166	11.010	2.409	1.176	2.897	4.093	7.247	5.499	9.087	-0.766	-0.222	-0.473
1839	6.504	2.161	11.011	2.401	1.178	2.884	4.110	7.200	5.533	9.054	-0.723	-0.245	-0.467
1838	6.507	2.156	11.014	2.393	1.182	2.870	4.095	7.138	5.581	9.015	-0.681	-0.299	-0.483
1837	6.518	2.151	11.018	2.386	1.187	2.855	4.040	7.062	5.647	8.971	-0.636	-0.387	-0.523
1836	6.538	2.147	11.024	2.379	1.194	2.841	3.944	6.973	5.729	8.926	-0.596	-0.511	-0.586
1835	6.569	2.144	11.031	2.372	1.202	2.827	3.814	6.874	5.821	8.885	-0.556	-0.663	-0.665
1834	6.608	2.142	11.040	2.367	1.209	2.816	3.654	6.773	5.914	8.854	-0.517	-0.837	-0.753
1833	6.654	2.140	11.051	2.362	1.215	2.806	3.474	6.676	5.997	8.836	-0.474	-1.024	-0.838
1832	6.701	2.138	11.062	2.358	1.219	2.800	3.296	6.592	6.062	8.836	-0.430	-1.204	-0.910
1831	6.745	2.137	11.075	2.355	1.221	2.795	3.129	6.528	6.102	8.853	-0.390	-1.366	-0.964
1830	6.787	2.136	11.088	2.354	1.221	2.793	2.976	6.490	6.114	8.888	-0.356	-1.503	-0.997
1829	6.821	2.135	11.102	2.353	1.219	2.793	2.856	6.479	6.098	8.934	-0.322	-1.601	-1.002
1828	6.841	2.134	11.117	2.353	1.216	2.795	2.764	6.494	6.061	8.989	-0.302	-1.662	-0.989
1827	6.846	2.133	11.132	2.354	1.212	2.799	2.707	6.528	6.014	9.046	-0.294	-1.685	-0.960
1826	6.835	2.132	11.147	2.356	1.208	2.804	2.686	6.576	5.965	9.102	-0.303	-1.669	-0.922
1825	6.810	2.131	11.164	2.358	1.204	2.811	2.686	6.629	5.925	9.153	-0.325	-1.631	-0.882
1824	6.777	2.130	11.182	2.361	1.201	2.819	2.700	6.686	5.905	9.193	-0.360	-1.571	-0.845
1823	6.739	2.129	11.201	2.364	1.200	2.828	2.711	6.742	5.910	9.218	-0.409	-1.505	-0.822
1822	6.696	2.127	11.221	2.367	1.201	2.839	2.705	6.798	5.942	9.228	-0.470	-1.440	-0.815
1821	6.657	2.126	11.242	2.370	1.204	2.852	2.667	6.854	5.993	9.222	-0.540	-1.389	-0.831
1820	6.619	2.124	11.265	2.373	1.210	2.866	2.598	6.908	6.053	9.203	-0.622	-1.358	-0.873
1819	6.587	2.122	11.290	2.377	1.216	2.882	2.518	6.957	6.119	9.172	-0.703	-1.337	-0.927
1818	6.558	2.120	11.315	2.381	1.224	2.899	2.422	6.999	6.177	9.135	-0.792	-1.336	-1.004
1817	6.532	2.117	11.342	2.385	1.232	2.917	2.319	7.031	6.219	9.095	-0.879	-1.357	-1.092
1816	6.507	2.115	11.369	2.390	1.240	2.934	2.209	7.054	6.240	9.054	-0.970	-1.400	-1.199
1815	6.478	2.112	11.397	2.395	1.248	2.952	2.121	7.068	6.235	9.014	-1.062	-1.447	-1.309
1814	6.444	2.109	11.425	2.401	1.253	2.969	2.062	7.080	6.206	8.976	-1.146	-1.486	-1.409
1813	6.406	2.107	11.452	2.407	1.257	2.983	2.030	7.092	6.159	8.941	-1.228	-1.513	-1.499
1812	6.366	2.104	11.478	2.413	1.258	2.996	2.023	7.106	6.104	8.909	-1.293	-1.525	-1.566
1811	6.326	2.101	11.503	2.420	1.258	3.004	2.031	7.125	6.045	8.882	-1.351	-1.523	-1.618
1810	6.287	2.099	11.525	2.426	1.256	3.009	2.069	7.145	5.990	8.859	-1.394	-1.499	-1.642
1809	6.252	2.096	11.544	2.434	1.253	3.010	2.129	7.165	5.951	8.842	-1.426	-1.453	-1.643
1808	6.221	2.093	11.559	2.441	1.249	3.006	2.184	7.183	5.931	8.829	-1.439	-1.406	-1.628
1807	6.194	2.090	11.568	2.448	1.245	2.998	2.258	7.196	5.931	8.819	-1.441	-1.343	-1.596
1806	6.167	2.088	11.572	2.455	1.242	2.985	2.337	7.205	5.954	8.809	-1.443	-1.271	-1.558
1805	6.139	2.085	11.569	2.462	1.239	2.970	2.413	7.208	5.996	8.798	-1.435	-1.201	-1.517
1804	6.105	2.082	11.560	2.469	1.237	2.951	2.502	7.205	6.052	8.787	-1.430	-1.122	-1.475
1803	6.063	2.079	11.545	2.475	1.235	2.929	2.596	7.195	6.117	8.777	-1.425	-1.044	-1.432
1802	6.013	2.077	11.525	2.480	1.235	2.906	2.693	7.180	6.186	8.770	-1.425	-0.967	-1.397
1801	5.959	2.074	11.500	2.485	1.235	2.881	2.793	7.161	6.254	8.770	-1.423	-0.892	-1.359
1800	5.903	2.071	11.472	2.489	1.236	2.854	2.903	7.140	6.313	8.782	-1.418	-0.817	-1.314
1799	5.854	2.069	11.441	2.492	1.237	2.825	3.007	7.119	6.360	8.809	-1.406	-0.749	-1.261
1798	5.814	2.066	11.408	2.493	1.238	2.795	3.101	7.099	6.385	8.854	-1.374	-0.697	-1.195
1797	5.791	2.063	11.374	2.494	1.239	2.763	3.195	7.081	6.391	8.915	-1.329	-0.649	-1.113
1796	5.787	2.061	11.339	2.494	1.239	2.729	3.289	7.065	6.378	8.988	-1.261	-0.607	-1.013
1795	5.804	2.059	11.305	2.493	1.239	2.694	3.387	7.051	6.354	9.069	-1.175	-0.565	-0.893
1794	5.837	2.057	11.271	2.492	1.238	2.659	3.475	7.036	6.322	9.154	-1.071	-0.533	-0.766
1793	5.882	2.056	11.239	2.490	1.236	2.623	3.551	7.021	6.286	9.236	-0.954	-0.511	-0.634
1792	5.930	2.056	11.209	2.487	1.233	2.588	3.630	7.004	6.254	9.312	-0.829	-0.487	-0.500
1791	5.976	2.056	11.181	2.485	1.229	2.554	3.706	6.987	6.227	9.379	-0.707	-0.464	-0.372
1790	6.016	2.058	11.157	2.482	1.225	2.523	3.767	6.972	6.207	9.434	-0.596	-0.446	-0.260
1789	6.051	2.061	11.136	2.479	1.222	2.496	3.808	6.962	6.195	9.475	-0.498	-0.433	-0.169
1788	6.079	2.066	11.118	2.476	1.219	2.474	3.829	6.957	6.190	9.505	-0.420	-0.426	-0.099
1787	6.104	2.072	11.104	2.473	1.218	2.457	3.827	6.958	6.195	9.525	-0.363	-0.424	-0.053
1786	6.125	2.079	11.093	2.470	1.219	2.448	3.788	6.965	6.208	9.538	-0.331	-0.438	-0.039
1785	6.145	2.087	11.085	2.467	1.221	2.447	3.721	6.975	6.225	9.543	-0.319	-0.467	-0.051
1784	6.164	2.096	11.080	2.464	1.226	2.452	3.631	6.984	6.241	9.541	-0.336	-0.512	-0.098
1783	6.182	2.106	11.076	2.461	1.232	2.465	3.516	6.991	6.250	9.534	-0.373	-0.579	-0.175
1782	6.197	2.117	11.074	2.458	1.239	2.484	3.391	6.995	6.249	9.523	-0.428	-0.659	-0.277
1781	6.208	2.128	11.073	2.455	1.245	2.508	3.264	6.997	6.235	9.511	-0.493	-0.748	-0.390
1780	6.215	2.139	11.073	2.453	1.251	2.535	3.132	7.000	6.206	9.496	-0.572	-0.846	-0.520
1779	6.217	2.150	11.073	2.450	1.254	2.565	3.005	7.008	6.163	9.482	-0.646	-0.940	-0.642
1778	6.215	2.161	11.074	2.449	1.253	2.594	2.900	7.026	6.104	9.467	-0.714	-1.015	-0.748
1777	6.210	2.172	11.076	2.447	1.249	2.623	2.821	7.055	6.038	9.455	-0.768	-1.065	-0.827
1776	6.204	2.181	11.077	2.446	1.241	2.649	2.777	7.096	5.970	9.444	-0.805	-1.079	-0.869
1775	6.198	2.191	11.080	2.445	1.229	2.672	2.773	7.145	5.904	9.434	-0.823	-1.058	-0.874
1774	6.193	2.199	11.083	2.444	1.215	2.691	2.809	7.199	5.844	9.424	-0.822	-1.002	-0.843
1773	6.189	2.206	11.087	2.444	1.199	2.706	2.893	7.252	5.801	9.413	-0.803	-0.908	-0.779
1772	6.188	2.211	11.092	2.444	1.183	2.716	3.010	7.300	5.782	9.405	-0.772	-0.788	-0.686
1771	6.188	2.215	11.098	2.445	1.169	2.722	3.158	7.338	5.787	9.399	-0.737	-0.648	-0.581
1770	6.187	2.217	11.106	2.445	1.159	2.725	3.301	7.364	5.820	9.398	-0.706	-0.513	-0.477
1769	6.184	2.218	11.115	2.446	1.152	2.724	3.438	7.378	5.876	9.398	-0.682	-0.384	-0.383
1768	6.179	2.218	11.124	2.447	1.150	2.722	3.553	7.380	5.945	9.398	-0.672	-0.278	-0.314
1767	6.172	2.216	11.135	2.448	1.153	2.718	3.632	7.374	6.019	9.396	-0.673	-0.202	-0.273
1766	6.165	2.213	11.146	2.448	1.161	2.714	3.682	7.362	6.091	9.393	-0.688	-0.153	-0.259
1765	6.159	2.210	11.158	2.449	1.172	2.711	3.700	7.349	6.156	9.390	-0.717	-0.129	-0.270
1764	6.154	2.206	11.170	2.450	1.185	2.708	3.691	7.339	6.210	9.388	-0.751	-0.124	-0.297
1763	6.150	2.202	11.182	2.451	1.200	2.707	3.658	7.333	6.247	9.389	-0.795	-0.138	-0.341
1762	6.146	2.198	11.195	2.452	1.216	2.708	3.633	7.335	6.265	9.392	-0.846	-0.146	-0.385
1761	6.141	2.194	11.207	2.453	1.230	2.711	3.610	7.344	6.257	9.398	-0.895	-0.155	-0.427
1760	6.134	2.190	11.219	2.454	1.243	2.716	3.590	7.359	6.225	9.403	-0.944	-0.166	-0.471
1759	6.126	2.186	11.231	2.455	1.254	2.723	3.587	7.380	6.174	9.407	-0.990	-0.166	-0.508
1758	6.117	2.183	11.242	2.456	1.262	2.731	3.591	7.404	6.113	9.407	-1.029	-0.163	-0.540
1757	6.109	2.180	11.252	2.458	1.267	2.741	3.593	7.429	6.052	9.403	-1.059	-0.160	-0.568
1756	6.102	2.178	11.262	2.459	1.268	2.750	3.589	7.454	5.998	9.393	-1.073	-0.158	-0.588
1755	6.094	2.177	11.270	2.460	1.267	2.758	3.577	7.477	5.956	9.380	-1.080	-0.159	-0.606
1754	6.086	2.176	11.277	2.462	1.262	2.765	3.553	7.497	5.930	9.364	-1.071	-0.165	-0.618
1753	6.075	2.177	11.283	2.464	1.254	2.770	3.517	7.513	5.916	9.345	-1.053	-0.179	-0.629
1752	6.061	2.178	11.288	2.466	1.242	2.772	3.468	7.523	5.899	9.324	-1.017	-0.208	-0.637
1751	6.043	2.181	11.291	2.468	1.227	2.769	3.401	7.527	5.874	9.299	-0.968	-0.259	-0.651
1750	6.022	2.184	11.293	2.470	1.209	2.763	3.317	7.523	5.836	9.274	-0.901	-0.334	-0.667
1749	6.000	2.188	11.294	2.473	1.189	2.752	3.232	7.512	5.783	9.249	-0.824	-0.423	-0.684
1748	5.979	2.193	11.295	2.475	1.167	2.736	3.151	7.493	5.723	9.229	-0.730	-0.521	-0.690
1747	5.959	2.197	11.295	2.478	1.144	2.717	3.085	7.466	5.662	9.212	-0.626	-0.616	-0.687
1746	5.943	2.203	11.294	2.480	1.122	2.695	3.032	7.432	5.604	9.200	-0.516	-0.709	-0.678
1745	5.932	2.208	11.294	2.483	1.101	2.670	2.998	7.393	5.554	9.191	-0.405	-0.790	-0.659
1744	5.928	2.213	11.293	2.485	1.084	2.645	2.999	7.351	5.515	9.185	-0.297	-0.847	-0.627
1743	5.931	2.219	11.292	2.488	1.070	2.619	3.024	7.309	5.493	9.184	-0.202	-0.882	-0.589
1742	5.940	2.224	11.292	2.491	1.061	2.595	3.072	7.270	5.488	9.188	-0.122	-0.891	-0.545
1741	5.953	2.229	11.291	2.493	1.056	2.573	3.126	7.240	5.496	9.198	-0.054	-0.882	-0.496
1740	5.967	2.233	11.291	2.496	1.057	2.555	3.194	7.221	5.516	9.214	-0.017	-0.847	-0.451
1739	5.982	2.237	11.291	2.498	1.062	2.541	3.273	7.218	5.542	9.236	-0.001	-0.787	-0.402
1738	5.996	2.240	11.291	2.501	1.070	2.532	3.354	7.231	5.573	9.264	-0.005	-0.707	-0.354
1737	6.008	2.242	11.292	2.503	1.082	2.528	3.448	7.262	5.606	9.295	-0.033	-0.600	-0.302
1736	6.017	2.244	11.293	2.505	1.097	2.529	3.547	7.311	5.644	9.327	-0.084	-0.469	-0.252
1735	6.024	2.244	11.295	2.508	1.113	2.535	3.653	7.374	5.687	9.358	-0.149	-0.317	-0.199
1734	6.029	2.244	11.298	2.510	1.129	2.544	3.774	7.447	5.735	9.384	-0.220	-0.143	-0.138
1733	6.030	2.242	11.301	2.512	1.146	2.556	3.896	7.523	5.787	9.405	-0.300	0.037	-0.083
1732	6.026	2.240	11.304	2.513	1.163	2.569	4.028	7.595	5.846	9.418	-0.386	0.222	-0.031
1731	6.016	2.237	11.308	2.515	1.180	2.584	4.151	7.657	5.911	9.422	-0.481	0.392	0.002
1730	5.997	2.234	11.312	2.516	1.196	2.598	4.268	7.702	5.978	9.419	-0.577	0.543	0.019
1729	5.968	2.230	11.317	2.517	1.211	2.612	4.360	7.727	6.042	9.408	-0.673	0.655	0.009
1728	5.928	2.226	11.321	2.518	1.225	2.625	4.421	7.730	6.102	9.390	-0.771	0.722	-0.034
1727	5.880	2.222	11.325	2.518	1.239	2.635	4.429	7.712	6.153	9.368	-0.870	0.729	-0.115
1726	5.825	2.218	11.330	2.519	1.251	2.643	4.379	7.677	6.194	9.342	-0.963	0.676	-0.231
1725	5.765	2.213	11.333	2.520	1.263	2.648	4.290	7.631	6.227	9.314	-1.054	0.582	-0.370
1724	5.705	2.209	11.336	2.520	1.274	2.651	4.158	7.580	6.252	9.286	-1.136	0.451	-0.524
1723	5.649	2.205	11.338	2.521	1.284	2.652	3.996	7.528	6.270	9.260	-1.211	0.296	-0.686
1722	5.601	2.202	11.338	2.521	1.292	2.651	3.834	7.479	6.280	9.236	-1.269	0.142	-0.834
1721	5.566	2.199	11.336	2.522	1.300	2.649	3.679	7.438	6.287	9.214	-1.320	-0.002	-0.967
1720	5.546	2.196	11.330	2.522	1.306	2.647	3.552	7.404	6.294	9.197	-1.351	-0.119	-1.067
1719	5.544	2.194	11.322	2.522	1.312	2.643	3.467	7.377	6.305	9.182	-1.371	-0.199	-1.135
1718	5.560	2.193	11.309	2.523	1.316	2.640	3.424	7.354	6.321	9.172	-1.377	-0.246	-1.170
1717	5.591	2.192	11.293	2.523	1.320	2.638	3.416	7.332	6.342	9.164	-1.372	-0.265	-1.181
1716	5.636	2.192	11.272	2.524	1.324	2.636	3.443	7.306	6.369	9.159	-1.364	-0.263	-1.176
1715	5.688	2.193	11.248	2.524	1.327	2.635	3.498	7.273	6.403	9.159	-1.350	-0.246	-1.156
1714	5.745	2.195	11.220	2.524	1.331	2.636	3.571	7.231	6.445	9.167	-1.343	-0.223	-1.134
1713	5.800	2.197	11.190	2.525	1.335	2.637	3.633	7.177	6.493	9.187	-1.342	-0.217	-1.123
1712	5.850	2.199	11.157	2.525	1.339	2.640	3.683	7.114	6.545	9.220	-1.343	-0.227	-1.118
1711	5.894	2.202	11.122	2.525	1.344	2.644	3.705	7.045	6.595	9.265	-1.357	-0.263	-1.132
1710	5.928	2.205	11.087	2.525	1.350	2.649	3.691	6.975	6.641	9.317	-1.381	-0.325	-1.168
1709	5.954	2.208	11.050	2.525	1.356	2.655	3.645	6.912	6.680	9.368	-1.412	-0.405	-1.219
1708	5.971	2.211	11.013	2.524	1.363	2.660	3.562	6.861	6.709	9.412	-1.450	-0.502	-1.289
1707	5.980	2.214	10.977	2.524	1.370	2.666	3.450	6.830	6.724	9.441	-1.495	-0.603	-1.373
1706	5.981	2.217	10.940	2.524	1.377	2.671	3.330	6.822	6.724	9.452	-1.545	-0.692	-1.461
1705	5.974	2.219	10.905	2.523	1.384	2.676	3.206	6.839	6.710	9.443	-1.593	-0.763	-1.545
1704	5.959	2.221	10.870	2.523	1.390	2.680	3.076	6.882	6.688	9.416	-1.645	-0.816	-1.628
1703	5.937	2.222	10.837	2.522	1.396	2.684	2.961	6.946	6.663	9.378	-1.693	-0.838	-1.695
1702	5.908	2.222	10.806	2.522	1.401	2.686	2.856	7.027	6.639	9.335	-1.740	-0.836	-1.749
1701	5.873	2.220	10.777	2.521	1.404	2.687	2.766	7.116	6.619	9.293	-1.775	-0.815	-1.779
1700	5.835	2.218	10.751	2.521	1.407	2.687	2.695	7.207	6.605	9.257	-1.812	-0.776	-1.799
1699	5.799	2.213	10.728	2.520	1.407	2.687	2.632	7.291	6.596	9.229	-1.824	-0.736	-1.797
1698	5.768	2.208	10.707	2.520	1.406	2.685	2.599	7.365	6.591	9.210	-1.831	-0.686	-1.779
1697	5.746	2.200	10.688	2.519	1.404	2.684	2.576	7.423	6.588	9.201	-1.818	-0.644	-1.748
1696	5.737	2.192	10.672	2.518	1.400	2.681	2.577	7.464	6.586	9.205	-1.785	-0.602	-1.698
1695	5.744	2.183	10.659	2.518	1.395	2.679	2.589	7.488	6.585	9.221	-1.738	-0.570	-1.637
1694	5.767	2.172	10.646	2.517	1.390	2.676	2.616	7.497	6.585	9.247	-1.673	-0.543	-1.562
1693	5.804	2.161	10.635	2.516	1.383	2.673	2.643	7.493	6.585	9.281	-1.590	-0.529	-1.477
1692	5.851	2.150	10.625	2.515	1.377	2.670	2.682	7.480	6.582	9.322	-1.503	-0.517	-1.389
1691	5.904	2.138	10.615	2.514	1.370	2.666	2.730	7.462	6.574	9.368	-1.408	-0.506	-1.291
1690	5.958	2.126	10.606	2.513	1.363	2.663	2.775	7.442	6.554	9.420	-1.312	-0.503	-1.195
1689	6.008	2.114	10.597	2.511	1.356	2.660	2.831	7.421	6.523	9.474	-1.216	-0.499	-1.097
1688	6.048	2.103	10.588	2.509	1.350	2.657	2.883	7.402	6.477	9.531	-1.136	-0.501	-1.011
1687	6.075	2.092	10.580	2.507	1.343	2.654	2.945	7.386	6.412	9.587	-1.060	-0.501	-0.928
1686	6.085	2.082	10.572	2.504	1.337	2.651	3.002	7.372	6.324	9.638	-1.003	-0.511	-0.865
1685	6.080	2.072	10.564	2.502	1.330	2.648	3.057	7.361	6.212	9.680	-0.958	-0.528	-0.820
1684	6.061	2.064	10.557	2.498	1.325	2.647	3.102	7.352	6.079	9.711	-0.931	-0.558	-0.799
1683	6.034	2.057	10.551	2.495	1.319	2.646	3.138	7.345	5.932	9.724	-0.912	-0.598	-0.800
1682	6.003	2.052	10.545	2.492	1.313	2.647	3.142	7.337	5.782	9.719	-0.905	-0.662	-0.830
1681	5.976	2.049	10.541	2.488	1.308	2.650	3.126	7.330	5.645	9.696	-0.904	-0.733	-0.876
1680	5.955	2.047	10.537	2.485	1.303	2.654	3.096	7.322	5.532	9.658	-0.908	-0.805	-0.934
1679	5.946	2.047	10.534	2.481	1.299	2.661	3.053	7.311	5.452	9.610	-0.913	-0.876	-0.995
1678	5.951	2.049	10.532	2.478	1.296	2.670	3.005	7.299	5.413	9.558	-0.923	-0.936	-1.056
1677	5.973	2.052	10.531	2.474	1.293	2.681	2.958	7.285	5.410	9.507	-0.924	-0.983	-1.101
1676	6.014	2.055	10.530	2.470	1.291	2.695	2.944	7.267	5.439	9.464	-0.921	-0.999	-1.120
1675	6.073	2.060	10.530	2.467	1.291	2.710	2.953	7.247	5.490	9.428	-0.923	-0.993	-1.127
1674	6.147	2.065	10.530	2.463	1.292	2.726	2.983	7.226	5.554	9.398	-0.916	-0.970	-1.114
1673	6.233	2.071	10.530	2.460	1.294	2.743	3.030	7.202	5.625	9.374	-0.913	-0.935	-1.094
1672	6.327	2.077	10.530	2.457	1.297	2.760	3.102	7.178	5.695	9.351	-0.906	-0.884	-1.062
1671	6.422	2.083	10.530	2.454	1.302	2.777	3.169	7.155	5.760	9.326	-0.908	-0.836	-1.039
1670	6.506	2.089	10.529	2.452	1.308	2.793	3.235	7.133	5.815	9.296	-0.920	-0.793	-1.030
1669	6.570	2.094	10.528	2.451	1.315	2.808	3.294	7.114	5.859	9.259	-0.948	-0.755	-1.041
1668	6.605	2.100	10.526	2.450	1.323	2.821	3.337	7.098	5.891	9.215	-0.998	-0.730	-1.080
1667	6.605	2.105	10.522	2.450	1.332	2.832	3.363	7.087	5.918	9.167	-1.074	-0.713	-1.145
1666	6.571	2.109	10.517	2.452	1.342	2.842	3.375	7.081	5.947	9.123	-1.173	-0.700	-1.231
1665	6.508	2.113	10.511	2.454	1.352	2.849	3.373	7.078	5.984	9.089	-1.289	-0.690	-1.327
1664	6.422	2.116	10.502	2.458	1.362	2.855	3.362	7.080	6.028	9.074	-1.417	-0.678	-1.424
1663	6.324	2.118	10.490	2.462	1.370	2.859	3.341	7.084	6.078	9.082	-1.538	-0.669	-1.510
1662	6.223	2.120	10.477	2.467	1.377	2.861	3.331	7.090	6.131	9.116	-1.655	-0.649	-1.574
1661	6.130	2.121	10.461	2.473	1.382	2.861	3.336	7.098	6.184	9.174	-1.752	-0.617	-1.609
1660	6.049	2.121	10.444	2.480	1.384	2.859	3.354	7.105	6.234	9.248	-1.826	-0.579	-1.616
1659	5.987	2.120	10.425	2.486	1.382	2.855	3.393	7.111	6.280	9.327	-1.860	-0.528	-1.586
1658	5.942	2.120	10.404	2.494	1.378	2.849	3.455	7.116	6.324	9.401	-1.876	-0.465	-1.539
1657	5.914	2.118	10.383	2.501	1.370	2.840	3.529	7.117	6.369	9.458	-1.851	-0.396	-1.469
1656	5.898	2.117	10.360	2.508	1.360	2.827	3.607	7.116	6.421	9.490	-1.807	-0.325	-1.394
1655	5.893	2.116	10.338	2.516	1.349	2.812	3.666	7.110	6.481	9.496	-1.746	-0.268	-1.329
1654	5.895	2.114	10.317	2.523	1.335	2.793	3.708	7.101	6.551	9.478	-1.656	-0.221	-1.261
1653	5.902	2.113	10.297	2.530	1.322	2.771	3.728	7.087	6.628	9.440	-1.561	-0.192	-1.209
1652	5.911	2.111	10.279	2.537	1.308	2.747	3.723	7.070	6.709	9.389	-1.455	-0.181	-1.165
1651	5.919	2.110	10.266	2.544	1.296	2.720	3.684	7.048	6.790	9.333	-1.351	-0.198	-1.143
1650	5.926	2.109	10.258	2.551	1.284	2.692	3.632	7.025	6.866	9.277	-1.246	-0.227	-1.125
1649	5.930	2.108	10.257	2.557	1.275	2.664	3.567	6.999	6.934	9.227	-1.145	-0.271	-1.119
1648	5.933	2.108	10.264	2.562	1.267	2.636	3.500	6.974	6.986	9.188	-1.048	-0.321	-1.112
1647	5.935	2.108	10.282	2.566	1.261	2.609	3.447	6.949	7.015	9.160	-0.953	-0.371	-1.104
1646	5.938	2.109	10.311	2.569	1.258	2.584	3.408	6.927	7.019	9.145	-0.870	-0.418	-1.094
1645	5.942	2.110	10.352	2.570	1.256	2.562	3.385	6.908	6.997	9.142	-0.787	-0.462	-1.076
1644	5.945	2.112	10.405	2.570	1.255	2.544	3.381	6.894	6.954	9.152	-0.711	-0.495	-1.051
1643	5.946	2.115	10.468	2.568	1.256	2.530	3.392	6.884	6.896	9.176	-0.647	-0.520	-1.021
1642	5.945	2.118	10.540	2.564	1.257	2.519	3.423	6.879	6.829	9.212	-0.586	-0.530	-0.975
1641	5.941	2.121	10.621	2.559	1.258	2.513	3.460	6.876	6.762	9.261	-0.534	-0.535	-0.923
1640	5.934	2.125	10.708	2.553	1.260	2.510	3.501	6.874	6.704	9.319	-0.497	-0.531	-0.869
1639	5.927	2.128	10.799	2.545	1.260	2.510	3.560	6.873	6.659	9.383	-0.454	-0.510	-0.793
1638	5.922	2.132	10.893	2.537	1.260	2.513	3.618	6.869	6.632	9.451	-0.422	-0.486	-0.717
1637	5.922	2.136	10.987	2.528	1.259	2.518	3.674	6.863	6.620	9.517	-0.389	-0.459	-0.637
1636	5.932	2.140	11.081	2.519	1.257	2.525	3.735	6.854	6.623	9.577	-0.356	-0.425	-0.550
1635	5.950	2.144	11.171	2.510	1.253	2.533	3.783	6.841	6.635	9.625	-0.319	-0.402	-0.468
1634	5.976	2.149	11.256	2.500	1.248	2.544	3.833	6.826	6.655	9.660	-0.281	-0.375	-0.387
1633	6.006	2.153	11.333	2.491	1.242	2.556	3.860	6.811	6.679	9.680	-0.244	-0.363	-0.321
1632	6.036	2.157	11.399	2.481	1.236	2.569	3.869	6.796	6.705	9.686	-0.215	-0.362	-0.272
1631	6.061	2.161	11.452	2.471	1.228	2.584	3.858	6.785	6.730	9.680	-0.190	-0.371	-0.235
1630	6.078	2.165	11.489	2.462	1.221	2.600	3.832	6.778	6.750	9.665	-0.187	-0.388	-0.224
1629	6.083	2.169	11.509	2.453	1.213	2.617	3.788	6.778	6.762	9.641	-0.196	-0.413	-0.230
1628	6.073	2.173	11.511	2.444	1.205	2.636	3.728	6.786	6.762	9.613	-0.223	-0.445	-0.256
1627	6.048	2.177	11.494	2.436	1.198	2.654	3.660	6.799	6.749	9.582	-0.275	-0.483	-0.305
1626	6.011	2.182	11.460	2.429	1.190	2.673	3.588	6.819	6.721	9.550	-0.341	-0.522	-0.366
1625	5.965	2.186	11.410	2.423	1.183	2.690	3.517	6.842	6.680	9.519	-0.423	-0.562	-0.438
1624	5.918	2.190	11.348	2.418	1.176	2.706	3.462	6.868	6.627	9.493	-0.508	-0.594	-0.506
1623	5.875	2.194	11.275	2.415	1.169	2.720	3.420	6.893	6.564	9.474	-0.595	-0.621	-0.570
1622	5.844	2.198	11.194	2.413	1.163	2.730	3.408	6.915	6.495	9.466	-0.674	-0.634	-0.616
1621	5.829	2.202	11.109	2.413	1.157	2.735	3.426	6.934	6.425	9.469	-0.740	-0.629	-0.639
1620	5.832	2.206	11.021	2.415	1.151	2.736	3.468	6.949	6.359	9.483	-0.791	-0.611	-0.637
1619	5.852	2.210	10.932	2.419	1.147	2.732	3.540	6.959	6.301	9.506	-0.830	-0.575	-0.615
1618	5.886	2.214	10.845	2.424	1.143	2.723	3.636	6.967	6.257	9.536	-0.847	-0.520	-0.565
1617	5.929	2.218	10.762	2.430	1.141	2.710	3.754	6.973	6.235	9.570	-0.855	-0.442	-0.496
1616	5.975	2.221	10.685	2.436	1.140	2.692	3.872	6.980	6.241	9.605	-0.845	-0.354	-0.412
1615	6.017	2.224	10.615	2.444	1.142	2.672	3.985	6.989	6.278	9.637	-0.842	-0.254	-0.331
1614	6.052	2.227	10.555	2.452	1.145	2.650	4.088	7.002	6.348	9.661	-0.834	-0.144	-0.249
1613	6.077	2.229	10.505	2.460	1.151	2.627	4.159	7.019	6.453	9.673	-0.832	-0.038	-0.183
1612	6.091	2.231	10.468	2.468	1.159	2.605	4.212	7.041	6.589	9.675	-0.837	0.072	-0.128
1611	6.094	2.232	10.443	2.476	1.168	2.585	4.231	7.066	6.753	9.669	-0.845	0.174	-0.088
1610	6.088	2.233	10.430	2.485	1.180	2.569	4.236	7.093	6.938	9.663	-0.872	0.276	-0.064
1609	6.077	2.233	10.429	2.493	1.192	2.556	4.215	7.119	7.138	9.663	-0.898	0.366	-0.047
1608	6.061	2.233	10.437	2.501	1.204	2.549	4.188	7.141	7.341	9.676	-0.932	0.449	-0.035
1607	6.045	2.233	10.453	2.509	1.215	2.547	4.150	7.158	7.537	9.703	-0.969	0.517	-0.029
1606	6.028	2.232	10.476	2.517	1.225	2.550	4.117	7.166	7.713	9.745	-1.008	0.571	-0.027
1605	6.013	2.231	10.504	2.524	1.232	2.558	4.094	7.166	7.860	9.798	-1.038	0.612	-0.022
1604	6.002	2.230	10.534	2.530	1.237	2.570	4.086	7.158	7.970	9.857	-1.063	0.641	-0.018
1603	5.993	2.229	10.566	2.536	1.240	2.585	4.087	7.144	8.040	9.919	-1.084	0.655	-0.022
1602	5.988	2.228	10.598	2.540	1.241	2.604	4.103	7.126	8.069	9.980	-1.095	0.659	-0.024
1601	5.985	2.227	10.630	2.543	1.240	2.624	4.125	7.107	8.060	10.038	-1.097	0.651	-0.029
1600	5.982	2.227	10.660	2.545	1.240	2.646	4.143	7.091	8.015	10.092	-1.106	0.629	-0.048
1599	5.978	2.227	10.688	2.545	1.240	2.668	4.179	7.082	7.937	10.141	-1.112	0.614	-0.063
1598	5.972	2.227	10.714	2.544	1.241	2.690	4.212	7.080	7.831	10.183	-1.121	0.593	-0.087
1597	5.962	2.228	10.736	2.542	1.243	2.712	4.227	7.089	7.700	10.217	-1.139	0.562	-0.125
1596	5.950	2.229	10.755	2.539	1.246	2.733	4.234	7.107	7.547	10.239	-1.160	0.525	-0.173
1595	5.934	2.231	10.770	2.535	1.250	2.754	4.229	7.132	7.375	10.251	-1.188	0.481	-0.234
1594	5.915	2.233	10.781	2.530	1.256	2.774	4.190	7.162	7.187	10.256	-1.228	0.412	-0.318
1593	5.891	2.236	10.790	2.524	1.262	2.794	4.125	7.194	6.989	10.256	-1.272	0.324	-0.416
1592	5.862	2.240	10.795	2.518	1.268	2.812	4.035	7.225	6.786	10.256	-1.326	0.216	-0.530
1591	5.827	2.243	10.799	2.512	1.273	2.830	3.906	7.250	6.589	10.256	-1.382	0.078	-0.659
1590	5.787	2.247	10.800	2.506	1.278	2.846	3.766	7.269	6.408	10.257	-1.447	-0.067	-0.795
1589	5.746	2.251	10.800	2.500	1.282	2.861	3.610	7.280	6.252	10.256	-1.513	-0.222	-0.935
1588	5.704	2.255	10.799	2.494	1.285	2.875	3.479	7.284	6.130	10.249	-1.575	-0.353	-1.059
1587	5.666	2.259	10.797	2.488	1.287	2.886	3.378	7.283	6.050	10.233	-1.633	-0.454	-1.162
1586	5.634	2.262	10.796	2.481	1.288	2.895	3.313	7.279	6.016	10.206	-1.676	-0.515	-1.233
1585	5.608	2.265	10.794	2.475	1.288	2.902	3.281	7.274	6.024	10.168	-1.709	-0.538	-1.279
1584	5.591	2.266	10.792	2.469	1.287	2.905	3.272	7.272	6.070	10.122	-1.726	-0.528	-1.294
1583	5.583	2.267	10.791	2.463	1.285	2.906	3.290	7.274	6.145	10.070	-1.729	-0.485	-1.280
1582	5.586	2.266	10.790	2.456	1.283	2.903	3.318	7.283	6.239	10.019	-1.711	-0.421	-1.237
1581	5.600	2.263	10.790	2.450	1.281	2.898	3.365	7.297	6.343	9.975	-1.679	-0.334	-1.166
1580	5.625	2.259	10.790	2.443	1.278	2.891	3.404	7.317	6.451	9.944	-1.627	-0.246	-1.070
1579	5.662	2.253	10.790	2.436	1.276	2.882	3.454	7.340	6.554	9.931	-1.563	-0.149	-0.952
1578	5.708	2.245	10.791	2.429	1.273	2.871	3.483	7.364	6.647	9.938	-1.482	-0.069	-0.821
1577	5.761	2.236	10.793	2.422	1.270	2.860	3.524	7.386	6.725	9.963	-1.393	0.011	-0.675
1576	5.818	2.226	10.794	2.415	1.267	2.848	3.563	7.405	6.782	10.005	-1.298	0.079	-0.525
1575	5.874	2.215	10.796	2.407	1.265	2.836	3.599	7.416	6.815	10.057	-1.200	0.127	-0.381
1574	5.927	2.203	10.799	2.399	1.263	2.824	3.625	7.419	6.822	10.114	-1.104	0.150	-0.250
1573	5.974	2.191	10.801	2.391	1.261	2.812	3.636	7.413	6.802	10.170	-1.011	0.144	-0.142
1572	6.011	2.179	10.805	2.382	1.259	2.802	3.624	7.398	6.761	10.218	-0.921	0.104	-0.062
1571	6.040	2.166	10.809	2.374	1.259	2.791	3.580	7.374	6.700	10.253	-0.846	0.027	-0.023
1570	6.058	2.154	10.814	2.365	1.259	2.781	3.508	7.344	6.626	10.270	-0.775	-0.081	-0.016
1569	6.067	2.142	10.820	2.356	1.260	2.772	3.403	7.308	6.541	10.267	-0.713	-0.221	-0.047
1568	6.067	2.130	10.828	2.347	1.263	2.764	3.288	7.269	6.452	10.246	-0.663	-0.372	-0.104
1567	6.058	2.119	10.837	2.338	1.267	2.755	3.168	7.228	6.367	10.209	-0.623	-0.528	-0.181
1566	6.039	2.109	10.849	2.329	1.273	2.748	3.063	7.186	6.296	10.162	-0.596	-0.669	-0.266
1565	6.013	2.099	10.862	2.321	1.280	2.740	3.010	7.146	6.249	10.112	-0.579	-0.763	-0.335
1564	5.980	2.090	10.877	2.312	1.289	2.734	3.009	7.108	6.234	10.064	-0.572	-0.808	-0.382
1563	5.940	2.081	10.893	2.303	1.298	2.728	3.056	7.073	6.257	10.026	-0.570	-0.803	-0.399
1562	5.896	2.072	10.911	2.294	1.308	2.722	3.147	7.042	6.316	10.003	-0.572	-0.750	-0.386
1561	5.850	2.064	10.931	2.285	1.317	2.717	3.274	7.016	6.408	9.999	-0.573	-0.655	-0.338
1560	5.805	2.057	10.952	2.276	1.327	2.713	3.413	6.994	6.523	10.017	-0.581	-0.539	-0.271
1559	5.767	2.051	10.974	2.268	1.335	2.710	3.560	6.978	6.651	10.054	-0.581	-0.407	-0.179
1558	5.741	2.045	10.998	2.260	1.343	2.707	3.681	6.968	6.783	10.108	-0.572	-0.284	-0.079
1557	5.729	2.040	11.024	2.253	1.349	2.705	3.770	6.965	6.906	10.174	-0.554	-0.180	0.026
1556	5.735	2.037	11.053	2.247	1.353	2.704	3.808	6.969	7.012	10.244	-0.524	-0.109	0.122
1555	5.760	2.035	11.084	2.241	1.356	2.704	3.801	6.982	7.093	10.312	-0.478	-0.069	0.211
1554	5.803	2.036	11.119	2.237	1.356	2.704	3.762	7.002	7.143	10.370	-0.424	-0.056	0.288
1553	5.860	2.039	11.158	2.234	1.355	2.706	3.693	7.030	7.158	10.414	-0.364	-0.068	0.347
1552	5.925	2.044	11.200	2.233	1.353	2.710	3.602	7.067	7.130	10.442	-0.305	-0.103	0.384
1551	5.993	2.052	11.247	2.232	1.350	2.715	3.492	7.110	7.053	10.450	-0.250	-0.163	0.394
1550	6.057	2.062	11.298	2.234	1.346	2.723	3.378	7.159	6.927	10.437	-0.208	-0.239	0.372
1549	6.109	2.075	11.352	2.236	1.341	2.733	3.262	7.211	6.756	10.405	-0.182	-0.331	0.322
1548	6.146	2.088	11.408	2.240	1.335	2.745	3.147	7.264	6.547	10.353	-0.173	-0.436	0.240
1547	6.165	2.103	11.465	2.244	1.329	2.760	3.021	7.316	6.312	10.283	-0.183	-0.559	0.123
1546	6.165	2.119	11.522	2.249	1.323	2.777	2.903	7.363	6.067	10.201	-0.217	-0.686	-0.021
1545	6.149	2.134	11.577	2.254	1.317	2.796	2.782	7.405	5.832	10.112	-0.263	-0.816	-0.180
1544	6.118	2.148	11.628	2.260	1.310	2.816	2.656	7.438	5.626	10.021	-0.321	-0.947	-0.350
1543	6.076	2.161	11.673	2.265	1.304	2.837	2.530	7.461	5.469	9.934	-0.390	-1.070	-0.521
1542	6.028	2.172	11.711	2.271	1.297	2.859	2.416	7.474	5.374	9.852	-0.460	-1.170	-0.678
1541	5.978	2.181	11.739	2.277	1.291	2.879	2.313	7.477	5.351	9.776	-0.535	-1.246	-0.820
1540	5.930	2.187	11.757	2.283	1.285	2.899	2.213	7.469	5.398	9.703	-0.602	-1.303	-0.945
1539	5.887	2.190	11.765	2.289	1.279	2.917	2.130	7.451	5.505	9.632	-0.659	-1.336	-1.047
1538	5.850	2.189	11.761	2.295	1.275	2.932	2.067	7.425	5.659	9.559	-0.711	-1.345	-1.132
1537	5.819	2.186	11.747	2.301	1.271	2.945	2.022	7.391	5.841	9.485	-0.754	-1.339	-1.201
1536	5.792	2.181	11.724	2.306	1.269	2.954	2.021	7.350	6.034	9.411	-0.789	-1.306	-1.251
1535	5.770	2.173	11.693	2.312	1.269	2.960	2.043	7.304	6.221	9.340	-0.822	-1.266	-1.293
1534	5.752	2.164	11.658	2.317	1.270	2.962	2.101	7.253	6.392	9.276	-0.846	-1.212	-1.318
1533	5.736	2.155	11.620	2.321	1.272	2.962	2.178	7.199	6.541	9.222	-0.863	-1.157	-1.333
1532	5.724	2.145	11.580	2.326	1.276	2.958	2.286	7.143	6.669	9.181	-0.882	-1.091	-1.336
1531	5.716	2.136	11.542	2.329	1.282	2.951	2.417	7.086	6.780	9.152	-0.893	-1.018	-1.325
1530	5.711	2.127	11.506	2.331	1.287	2.941	2.556	7.030	6.877	9.137	-0.890	-0.943	-1.294
1529	5.710	2.120	11.474	2.333	1.294	2.928	2.686	6.976	6.962	9.135	-0.888	-0.877	-1.264
1528	5.711	2.115	11.448	2.334	1.300	2.913	2.800	6.926	7.037	9.144	-0.877	-0.822	-1.227
1527	5.713	2.112	11.427	2.334	1.306	2.896	2.884	6.882	7.100	9.163	-0.859	-0.786	-1.190
1526	5.718	2.110	11.412	2.333	1.311	2.877	2.952	6.844	7.149	9.186	-0.828	-0.759	-1.148
1525	5.726	2.110	11.403	2.331	1.315	2.856	2.972	6.817	7.178	9.211	-0.789	-0.762	-1.113
1524	5.737	2.112	11.398	2.328	1.318	2.834	2.961	6.800	7.185	9.235	-0.741	-0.784	-1.082
1523	5.752	2.116	11.398	2.325	1.319	2.811	2.928	6.795	7.170	9.255	-0.685	-0.817	-1.052
1522	5.773	2.120	11.401	2.322	1.319	2.787	2.868	6.803	7.133	9.270	-0.618	-0.864	-1.023
1521	5.798	2.126	11.405	2.318	1.318	2.764	2.789	6.824	7.077	9.280	-0.547	-0.917	-0.996
1520	5.827	2.132	11.410	2.314	1.315	2.740	2.698	6.856	7.005	9.285	-0.467	-0.974	-0.964
1519	5.857	2.139	11.415	2.310	1.312	2.718	2.623	6.899	6.926	9.286	-0.391	-1.012	-0.925
1518	5.887	2.146	11.420	2.307	1.308	2.697	2.560	6.949	6.851	9.285	-0.318	-1.033	-0.879
1517	5.913	2.153	11.422	2.303	1.304	2.678	2.527	7.003	6.790	9.285	-0.250	-1.024	-0.818
1516	5.935	2.161	11.423	2.299	1.299	2.663	2.523	7.056	6.754	9.287	-0.191	-0.987	-0.745
1515	5.950	2.168	11.421	2.295	1.294	2.651	2.536	7.105	6.749	9.292	-0.143	-0.930	-0.667
1514	5.958	2.176	11.418	2.291	1.289	2.644	2.576	7.147	6.775	9.298	-0.111	-0.851	-0.588
1513	5.958	2.184	11.414	2.287	1.285	2.641	2.648	7.179	6.825	9.304	-0.097	-0.750	-0.511
1512	5.950	2.191	11.411	2.283	1.280	2.643	2.735	7.199	6.889	9.306	-0.094	-0.647	-0.443
1511	5.934	2.199	11.410	2.279	1.276	2.650	2.838	7.207	6.954	9.303	-0.111	-0.544	-0.393
1510	5.910	2.205	11.414	2.276	1.272	2.661	2.949	7.203	7.009	9.291	-0.138	-0.452	-0.364
1509	5.879	2.211	11.424	2.273	1.268	2.676	3.079	7.189	7.041	9.269	-0.175	-0.366	-0.352
1508	5.843	2.216	11.443	2.271	1.265	2.693	3.210	7.167	7.046	9.237	-0.223	-0.298	-0.365
1507	5.803	2.220	11.474	2.269	1.262	2.712	3.347	7.137	7.020	9.197	-0.269	-0.246	-0.392
1506	5.762	2.223	11.519	2.268	1.260	2.731	3.475	7.102	6.967	9.152	-0.319	-0.216	-0.435
1505	5.719	2.224	11.579	2.268	1.258	2.749	3.590	7.063	6.893	9.105	-0.362	-0.207	-0.488
1504	5.677	2.223	11.654	2.269	1.257	2.765	3.692	7.019	6.806	9.061	-0.397	-0.216	-0.546
1503	5.638	2.221	11.742	2.270	1.258	2.779	3.770	6.972	6.718	9.019	-0.425	-0.245	-0.610
1502	5.603	2.218	11.840	2.272	1.259	2.789	3.825	6.921	6.636	8.980	-0.442	-0.292	-0.673
1501	5.575	2.213	11.944	2.275	1.261	2.794	3.864	6.865	6.568	8.942	-0.447	-0.349	-0.733
1500	5.560	2.207	12.049	2.279	1.264	2.795	3.880	6.804	6.520	8.902	-0.437	-0.418	-0.791
1499	5.559	2.201	12.148	2.282	1.268	2.793	3.881	6.737	6.495	8.856	-0.411	-0.495	-0.845
1498	5.576	2.194	12.237	2.286	1.273	2.786	3.860	6.665	6.488	8.803	-0.373	-0.585	-0.901
1497	5.611	2.186	12.308	2.291	1.278	2.776	3.833	6.590	6.496	8.742	-0.321	-0.676	-0.953
1496	5.662	2.179	12.357	2.295	1.283	2.764	3.797	6.515	6.512	8.675	-0.258	-0.770	-1.002
1495	5.725	2.171	12.379	2.299	1.289	2.750	3.759	6.442	6.529	8.607	-0.193	-0.863	-1.050
1494	5.794	2.163	12.374	2.304	1.295	2.735	3.720	6.376	6.545	8.544	-0.134	-0.950	-1.096
1493	5.863	2.155	12.342	2.308	1.300	2.721	3.683	6.321	6.555	8.491	-0.075	-1.027	-1.132
1492	5.926	2.146	12.284	2.313	1.305	2.707	3.650	6.280	6.558	8.454	-0.030	-1.089	-1.163
1491	5.980	2.138	12.206	2.317	1.310	2.694	3.633	6.256	6.552	8.437	0.001	-1.127	-1.179
1490	6.023	2.129	12.114	2.322	1.315	2.684	3.642	6.252	6.537	8.443	0.017	-1.131	-1.175
1489	6.054	2.120	12.013	2.326	1.320	2.675	3.676	6.267	6.513	8.473	0.021	-1.102	-1.149
1488	6.074	2.110	11.911	2.331	1.324	2.668	3.718	6.300	6.482	8.525	0.016	-1.053	-1.106
1487	6.085	2.100	11.812	2.335	1.328	2.663	3.788	6.348	6.449	8.597	0.004	-0.970	-1.036
1486	6.090	2.089	11.723	2.339	1.332	2.661	3.855	6.406	6.419	8.685	-0.010	-0.877	-0.956
1485	6.089	2.077	11.645	2.343	1.335	2.660	3.933	6.471	6.396	8.782	-0.023	-0.768	-0.859
1484	6.085	2.065	11.582	2.347	1.339	2.661	4.002	6.537	6.384	8.884	-0.041	-0.659	-0.763
1483	6.078	2.052	11.533	2.351	1.341	2.664	4.066	6.601	6.387	8.985	-0.050	-0.550	-0.660
1482	6.069	2.040	11.500	2.355	1.344	2.668	4.123	6.659	6.410	9.081	-0.064	-0.444	-0.566
1481	6.058	2.029	11.478	2.358	1.346	2.675	4.163	6.711	6.458	9.167	-0.073	-0.346	-0.479
1480	6.045	2.020	11.466	2.361	1.348	2.684	4.191	6.755	6.532	9.239	-0.090	-0.254	-0.408
1479	6.029	2.014	11.461	2.364	1.350	2.695	4.208	6.794	6.629	9.293	-0.118	-0.165	-0.355
1478	6.011	2.011	11.461	2.367	1.351	2.709	4.198	6.828	6.744	9.326	-0.153	-0.093	-0.328
1477	5.991	2.013	11.463	2.369	1.352	2.725	4.163	6.858	6.877	9.334	-0.200	-0.034	-0.331
1476	5.971	2.020	11.465	2.372	1.353	2.745	4.092	6.887	7.021	9.317	-0.264	0.003	-0.371
1475	5.953	2.032	11.468	2.374	1.354	2.766	3.990	6.913	7.173	9.276	-0.339	0.019	-0.444
1474	5.938	2.048	11.470	2.376	1.355	2.790	3.867	6.937	7.328	9.211	-0.425	0.021	-0.544
1473	5.929	2.068	11.472	2.379	1.355	2.815	3.724	6.957	7.479	9.124	-0.515	0.003	-0.670
1472	5.927	2.091	11.474	2.381	1.356	2.840	3.581	6.971	7.617	9.021	-0.608	-0.025	-0.813
1471	5.933	2.114	11.477	2.383	1.356	2.865	3.441	6.978	7.740	8.907	-0.691	-0.065	-0.961
1470	5.946	2.137	11.483	2.385	1.357	2.887	3.326	6.975	7.844	8.791	-0.766	-0.105	-1.107
1469	5.965	2.156	11.492	2.387	1.357	2.907	3.238	6.963	7.928	8.684	-0.820	-0.144	-1.232
1468	5.988	2.172	11.507	2.389	1.357	2.923	3.187	6.944	7.994	8.595	-0.856	-0.172	-1.328
1467	6.012	2.182	11.527	2.392	1.358	2.934	3.185	6.918	8.044	8.534	-0.875	-0.180	-1.387
1466	6.037	2.186	11.553	2.394	1.357	2.939	3.216	6.891	8.070	8.507	-0.858	-0.177	-1.396
1465	6.061	2.183	11.585	2.396	1.357	2.937	3.287	6.867	8.067	8.515	-0.817	-0.154	-1.359
1464	6.082	2.175	11.621	2.398	1.356	2.930	3.368	6.848	8.035	8.555	-0.750	-0.131	-1.287
1463	6.101	2.160	11.662	2.400	1.354	2.916	3.465	6.840	7.978	8.619	-0.655	-0.096	-1.173
1462	6.116	2.142	11.706	2.402	1.351	2.898	3.562	6.843	7.895	8.697	-0.543	-0.060	-1.038
1461	6.127	2.120	11.751	2.405	1.348	2.876	3.648	6.861	7.786	8.779	-0.421	-0.026	-0.894
1460	6.132	2.097	11.796	2.407	1.343	2.851	3.716	6.893	7.655	8.853	-0.286	0.001	-0.746
1459	6.131	2.072	11.840	2.409	1.337	2.825	3.766	6.940	7.512	8.911	-0.146	0.027	-0.602
1458	6.121	2.047	11.882	2.412	1.329	2.799	3.798	6.999	7.371	8.949	-0.008	0.054	-0.469
1457	6.104	2.024	11.921	2.414	1.321	2.775	3.820	7.070	7.235	8.962	0.120	0.088	-0.349
1456	6.078	2.003	11.958	2.417	1.312	2.754	3.834	7.149	7.110	8.950	0.230	0.129	-0.249
1455	6.046	1.985	11.992	2.419	1.303	2.736	3.841	7.234	7.004	8.914	0.324	0.179	-0.166
1454	6.010	1.972	12.024	2.422	1.293	2.723	3.848	7.321	6.925	8.858	0.395	0.241	-0.102
1453	5.972	1.964	12.053	2.424	1.284	2.715	3.847	7.407	6.873	8.790	0.440	0.307	-0.057
1452	5.936	1.963	12.082	2.427	1.275	2.712	3.841	7.489	6.846	8.718	0.456	0.376	-0.033
1451	5.906	1.968	12.109	2.430	1.267	2.713	3.821	7.564	6.841	8.652	0.449	0.436	-0.027
1450	5.884	1.980	12.135	2.433	1.261	2.719	3.801	7.629	6.848	8.601	0.411	0.491	-0.035
1449	5.873	1.999	12.160	2.435	1.255	2.727	3.774	7.682	6.859	8.572	0.359	0.531	-0.049
1448	5.875	2.023	12.184	2.438	1.251	2.738	3.743	7.718	6.868	8.571	0.287	0.550	-0.076
1447	5.888	2.051	12.206	2.441	1.249	2.749	3.723	7.738	6.868	8.602	0.199	0.557	-0.104
1446	5.911	2.081	12.227	2.444	1.248	2.761	3.704	7.741	6.857	8.662	0.104	0.543	-0.133
1445	5.941	2.111	12.246	2.446	1.248	2.773	3.693	7.726	6.839	8.749	0.009	0.513	-0.156
1444	5.975	2.137	12.262	2.449	1.248	2.783	3.687	7.694	6.815	8.856	-0.080	0.468	-0.173
1443	6.008	2.159	12.276	2.452	1.250	2.791	3.689	7.649	6.781	8.974	-0.167	0.410	-0.191
1442	6.036	2.174	12.289	2.455	1.251	2.796	3.690	7.593	6.739	9.094	-0.238	0.338	-0.203
1441	6.056	2.183	12.299	2.457	1.253	2.799	3.697	7.530	6.691	9.208	-0.300	0.260	-0.215
1440	6.069	2.185	12.309	2.460	1.255	2.800	3.701	7.465	6.638	9.309	-0.354	0.177	-0.228
1439	6.075	2.181	12.320	2.463	1.257	2.798	3.701	7.403	6.579	9.393	-0.395	0.091	-0.241
1438	6.078	2.172	12.333	2.466	1.259	2.793	3.699	7.348	6.516	9.459	-0.423	0.009	-0.249
1437	6.080	2.160	12.350	2.468	1.261	2.786	3.690	7.304	6.449	9.507	-0.437	-0.067	-0.252
1436	6.087	2.145	12.372	2.471	1.262	2.777	3.671	7.272	6.385	9.539	-0.435	-0.137	-0.246
1435	6.099	2.130	12.399	2.474	1.263	2.766	3.631	7.254	6.326	9.561	-0.425	-0.205	-0.235
1434	6.119	2.116	12.432	2.477	1.264	2.753	3.578	7.247	6.271	9.575	-0.403	-0.270	-0.218
1433	6.145	2.103	12.470	2.480	1.265	2.738	3.506	7.248	6.222	9.584	-0.374	-0.336	-0.197
1432	6.175	2.092	12.511	2.482	1.265	2.720	3.423	7.253	6.181	9.592	-0.331	-0.403	-0.167
1431	6.209	2.084	12.554	2.485	1.265	2.700	3.336	7.259	6.150	9.601	-0.288	-0.467	-0.135
1430	6.241	2.079	12.596	2.488	1.264	2.676	3.247	7.260	6.125	9.611	-0.240	-0.536	-0.105
1429	6.271	2.076	12.633	2.491	1.263	2.649	3.164	7.254	6.105	9.623	-0.191	-0.606	-0.075
1428	6.297	2.076	12.665	2.494	1.261	2.620	3.097	7.239	6.087	9.637	-0.141	-0.673	-0.045
1427	6.317	2.077	12.689	2.496	1.258	2.589	3.054	7.217	6.070	9.650	-0.081	-0.731	-0.008
1426	6.332	2.080	12.705	2.499	1.255	2.555	3.032	7.187	6.058	9.663	-0.029	-0.781	0.024
1425	6.341	2.082	12.713	2.502	1.252	2.522	3.043	7.152	6.059	9.672	0.026	-0.808	0.065
1424	6.345	2.083	12.715	2.505	1.248	2.488	3.069	7.116	6.081	9.678	0.084	-0.819	0.114
1423	6.345	2.082	12.707	2.508	1.244	2.456	3.128	7.082	6.130	9.677	0.142	-0.795	0.177
1422	6.343	2.078	12.693	2.511	1.241	2.428	3.200	7.054	6.213	9.671	0.199	-0.742	0.249
1421	6.337	2.071	12.675	2.513	1.239	2.403	3.281	7.036	6.328	9.656	0.251	-0.661	0.329
1420	6.328	2.063	12.654	2.516	1.237	2.384	3.357	7.030	6.472	9.633	0.292	-0.560	0.407
1419	6.314	2.053	12.631	2.519	1.237	2.372	3.426	7.036	6.640	9.602	0.314	-0.443	0.477
1418	6.296	2.045	12.604	2.522	1.238	2.367	3.477	7.053	6.821	9.563	0.312	-0.321	0.527
1417	6.272	2.041	12.576	2.524	1.241	2.369	3.497	7.079	6.999	9.515	0.280	-0.212	0.541
1416	6.245	2.045	12.546	2.527	1.246	2.379	3.494	7.110	7.160	9.462	0.206	-0.120	0.511
1415	6.214	2.058	12.517	2.529	1.252	2.395	3.466	7.143	7.288	9.404	0.098	-0.056	0.436
1414	6.182	2.082	12.491	2.530	1.258	2.416	3.426	7.172	7.374	9.347	-0.036	-0.020	0.322
1413	6.151	2.117	12.470	2.531	1.265	2.441	3.376	7.196	7.412	9.294	-0.201	-0.015	0.169
1412	6.123	2.160	12.456	2.531	1.272	2.468	3.329	7.211	7.400	9.248	-0.378	-0.036	-0.008
1411	6.100	2.208	12.449	2.531	1.277	2.495	3.278	7.218	7.343	9.214	-0.554	-0.085	-0.195
1410	6.084	2.258	12.448	2.529	1.280	2.521	3.227	7.216	7.251	9.193	-0.709	-0.158	-0.376
1409	6.075	2.304	12.454	2.527	1.280	2.545	3.174	7.207	7.137	9.187	-0.836	-0.247	-0.536
1408	6.074	2.343	12.465	2.523	1.276	2.565	3.109	7.194	7.015	9.194	-0.913	-0.351	-0.662
1407	6.080	2.370	12.479	2.519	1.268	2.580	3.047	7.177	6.900	9.215	-0.936	-0.454	-0.740
1406	6.092	2.384	12.496	2.514	1.256	2.589	2.990	7.160	6.801	9.246	-0.900	-0.548	-0.761
1405	6.109	2.382	12.516	2.508	1.240	2.593	2.941	7.143	6.720	9.286	-0.801	-0.630	-0.721
1404	6.127	2.367	12.539	2.502	1.220	2.591	2.906	7.129	6.660	9.331	-0.650	-0.691	-0.625
1403	6.146	2.340	12.564	2.496	1.198	2.585	2.897	7.117	6.618	9.378	-0.459	-0.726	-0.481
1402	6.164	2.303	12.594	2.489	1.175	2.575	2.893	7.109	6.595	9.425	-0.235	-0.745	-0.302
1401	6.180	2.259	12.625	2.483	1.151	2.562	2.923	7.103	6.588	9.467	0.007	-0.734	-0.092
1400	6.193	2.212	12.657	2.476	1.129	2.548	2.951	7.100	6.597	9.500	0.250	-0.715	0.121
1399	6.201	2.163	12.688	2.469	1.109	2.534	2.997	7.099	6.619	9.523	0.483	-0.676	0.334
1398	6.203	2.114	12.718	2.462	1.093	2.522	3.035	7.099	6.649	9.531	0.696	-0.639	0.524
1397	6.198	2.067	12.747	2.455	1.082	2.511	3.079	7.101	6.685	9.522	0.875	-0.593	0.685
1396	6.184	2.021	12.773	2.448	1.077	2.504	3.123	7.106	6.724	9.496	1.016	-0.543	0.812
1395	6.161	1.977	12.794	2.442	1.077	2.501	3.165	7.112	6.757	9.452	1.116	-0.496	0.897
1394	6.132	1.935	12.810	2.435	1.082	2.503	3.212	7.121	6.779	9.390	1.181	-0.447	0.949
1393	6.099	1.897	12.818	2.429	1.092	2.510	3.280	7.134	6.784	9.312	1.202	-0.386	0.966
1392	6.063	1.862	12.818	2.422	1.105	2.520	3.349	7.150	6.767	9.220	1.196	-0.330	0.953
1391	6.029	1.830	12.811	2.417	1.121	2.535	3.422	7.172	6.730	9.119	1.160	-0.273	0.912
1390	5.998	1.802	12.798	2.412	1.139	2.552	3.495	7.198	6.674	9.012	1.101	-0.219	0.850
1389	5.973	1.777	12.779	2.407	1.156	2.572	3.558	7.227	6.605	8.902	1.039	-0.174	0.779
1388	5.953	1.754	12.755	2.404	1.173	2.592	3.602	7.260	6.529	8.792	0.967	-0.140	0.693
1387	5.939	1.733	12.730	2.401	1.188	2.613	3.620	7.293	6.449	8.684	0.901	-0.126	0.602
1386	5.930	1.713	12.703	2.400	1.201	2.634	3.601	7.324	6.372	8.582	0.840	-0.137	0.502
1385	5.924	1.696	12.677	2.400	1.211	2.653	3.555	7.350	6.304	8.487	0.784	-0.168	0.398
1384	5.923	1.682	12.652	2.401	1.218	2.670	3.493	7.366	6.248	8.406	0.739	-0.215	0.299
1383	5.925	1.671	12.629	2.402	1.223	2.685	3.426	7.368	6.207	8.343	0.703	-0.274	0.207
1382	5.931	1.664	12.606	2.405	1.226	2.697	3.365	7.353	6.182	8.303	0.669	-0.340	0.121
1381	5.939	1.663	12.584	2.408	1.227	2.707	3.322	7.319	6.176	8.290	0.637	-0.406	0.049
1380	5.949	1.669	12.559	2.412	1.228	2.714	3.294	7.264	6.190	8.307	0.595	-0.475	-0.021
1379	5.960	1.682	12.532	2.416	1.227	2.720	3.309	7.190	6.224	8.352	0.551	-0.527	-0.070
1378	5.969	1.703	12.502	2.421	1.227	2.723	3.346	7.099	6.273	8.425	0.487	-0.575	-0.122
1377	5.977	1.730	12.468	2.425	1.227	2.725	3.411	6.995	6.330	8.518	0.420	-0.614	-0.165
1376	5.980	1.762	12.433	2.430	1.228	2.725	3.489	6.886	6.384	8.628	0.335	-0.651	-0.211
1375	5.977	1.798	12.398	2.435	1.230	2.723	3.576	6.777	6.429	8.748	0.241	-0.686	-0.261
1374	5.966	1.835	12.365	2.440	1.233	2.719	3.654	6.676	6.458	8.870	0.139	-0.724	-0.317
1373	5.947	1.870	12.338	2.444	1.236	2.713	3.706	6.590	6.464	8.991	0.046	-0.774	-0.374
1372	5.920	1.902	12.320	2.449	1.241	2.705	3.727	6.525	6.449	9.103	-0.050	-0.832	-0.440
1371	5.886	1.926	12.312	2.454	1.246	2.695	3.729	6.485	6.416	9.203	-0.126	-0.884	-0.493
1370	5.847	1.943	12.316	2.458	1.252	2.683	3.698	6.473	6.372	9.289	-0.185	-0.934	-0.536
1369	5.806	1.950	12.331	2.463	1.259	2.669	3.639	6.487	6.326	9.357	-0.225	-0.977	-0.568
1368	5.766	1.951	12.357	2.467	1.265	2.654	3.559	6.527	6.288	9.409	-0.240	-1.005	-0.576
1367	5.731	1.945	12.389	2.472	1.271	2.638	3.472	6.586	6.267	9.444	-0.237	-1.012	-0.565
1366	5.702	1.937	12.423	2.475	1.278	2.622	3.389	6.660	6.265	9.464	-0.220	-0.994	-0.535
1365	5.681	1.929	12.456	2.479	1.284	2.606	3.317	6.740	6.283	9.472	-0.200	-0.954	-0.494
1364	5.670	1.923	12.485	2.482	1.289	2.590	3.257	6.821	6.317	9.470	-0.171	-0.900	-0.443
1363	5.667	1.921	12.506	2.485	1.294	2.575	3.212	6.895	6.361	9.460	-0.150	-0.838	-0.397
1362	5.673	1.924	12.521	2.488	1.299	2.562	3.185	6.958	6.405	9.446	-0.137	-0.775	-0.359
1361	5.687	1.930	12.530	2.490	1.303	2.550	3.177	7.007	6.443	9.430	-0.122	-0.716	-0.326
1360	5.708	1.938	12.536	2.491	1.306	2.540	3.184	7.041	6.467	9.414	-0.106	-0.668	-0.297
1359	5.735	1.946	12.540	2.492	1.308	2.531	3.201	7.059	6.473	9.401	-0.085	-0.636	-0.276
1358	5.766	1.952	12.543	2.493	1.310	2.525	3.225	7.064	6.462	9.391	-0.064	-0.619	-0.261
1357	5.799	1.954	12.547	2.494	1.310	2.520	3.245	7.061	6.438	9.385	-0.028	-0.618	-0.244
1356	5.833	1.953	12.550	2.494	1.308	2.517	3.270	7.052	6.407	9.385	0.018	-0.622	-0.217
1355	5.865	1.947	12.552	2.495	1.305	2.516	3.278	7.043	6.375	9.391	0.069	-0.638	-0.191
1354	5.892	1.938	12.552	2.495	1.301	2.517	3.271	7.038	6.346	9.401	0.124	-0.659	-0.160
1353	5.914	1.925	12.546	2.495	1.294	2.519	3.249	7.041	6.326	9.415	0.187	-0.679	-0.119
1352	5.928	1.912	12.534	2.495	1.287	2.524	3.219	7.053	6.315	9.432	0.237	-0.691	-0.080
1351	5.934	1.899	12.512	2.495	1.278	2.530	3.168	7.076	6.311	9.451	0.279	-0.704	-0.043
1350	5.932	1.889	12.481	2.495	1.268	2.540	3.116	7.107	6.311	9.471	0.306	-0.707	-0.012
1349	5.921	1.882	12.441	2.496	1.258	2.552	3.078	7.144	6.313	9.492	0.310	-0.695	0.012
1348	5.904	1.880	12.393	2.496	1.247	2.566	3.057	7.183	6.313	9.513	0.296	-0.669	0.032
1347	5.880	1.882	12.339	2.496	1.237	2.582	3.058	7.218	6.314	9.535	0.261	-0.633	0.041
1346	5.854	1.889	12.284	2.496	1.227	2.600	3.094	7.243	6.317	9.559	0.212	-0.582	0.048
1345	5.825	1.899	12.231	2.496	1.217	2.619	3.152	7.255	6.325	9.582	0.152	-0.528	0.048
1344	5.796	1.912	12.183	2.496	1.209	2.638	3.239	7.248	6.343	9.604	0.080	-0.469	0.039
1343	5.771	1.927	12.143	2.496	1.202	2.656	3.344	7.221	6.373	9.622	0.009	-0.414	0.025
1342	5.749	1.943	12.111	2.496	1.196	2.672	3.446	7.174	6.419	9.634	-0.060	-0.375	-0.001
1341	5.734	1.960	12.090	2.496	1.191	2.685	3.544	7.108	6.482	9.638	-0.121	-0.351	-0.034
1340	5.725	1.975	12.079	2.495	1.187	2.694	3.614	7.028	6.559	9.633	-0.162	-0.355	-0.075
1339	5.725	1.989	12.077	2.495	1.184	2.699	3.636	6.939	6.643	9.621	-0.191	-0.398	-0.132
1338	5.734	2.001	12.082	2.495	1.181	2.698	3.610	6.848	6.729	9.603	-0.198	-0.475	-0.195
1337	5.750	2.010	12.093	2.494	1.179	2.692	3.542	6.762	6.812	9.581	-0.181	-0.575	-0.255
1336	5.773	2.016	12.109	2.493	1.178	2.681	3.437	6.688	6.890	9.556	-0.146	-0.691	-0.311
1335	5.803	2.018	12.126	2.493	1.177	2.666	3.297	6.630	6.962	9.532	-0.094	-0.816	-0.356
1334	5.837	2.018	12.144	2.492	1.177	2.647	3.145	6.594	7.031	9.508	-0.029	-0.928	-0.382
1333	5.875	2.015	12.160	2.491	1.177	2.627	2.988	6.581	7.101	9.485	0.048	-1.020	-0.384
1332	5.915	2.010	12.174	2.490	1.177	2.605	2.839	6.591	7.173	9.463	0.132	-1.082	-0.363
1331	5.955	2.004	12.186	2.489	1.178	2.584	2.700	6.623	7.251	9.443	0.211	-1.113	-0.322
1330	5.995	1.999	12.194	2.488	1.178	2.566	2.587	6.672	7.336	9.423	0.288	-1.107	-0.261
1329	6.034	1.995	12.201	2.487	1.179	2.550	2.496	6.734	7.427	9.402	0.351	-1.070	-0.192
1328	6.070	1.993	12.206	2.487	1.180	2.539	2.423	6.803	7.522	9.382	0.396	-1.013	-0.123
1327	6.103	1.992	12.211	2.486	1.181	2.532	2.378	6.874	7.618	9.363	0.430	-0.934	-0.049
1326	6.132	1.992	12.218	2.485	1.181	2.531	2.353	6.942	7.711	9.345	0.454	-0.846	0.022
1325	6.156	1.992	12.228	2.484	1.181	2.535	2.333	7.005	7.799	9.331	0.466	-0.761	0.084
1324	6.174	1.991	12.241	2.483	1.180	2.543	2.327	7.059	7.877	9.323	0.470	-0.680	0.140
1323	6.187	1.989	12.260	2.482	1.179	2.556	2.325	7.104	7.941	9.323	0.469	-0.611	0.186
1322	6.193	1.984	12.283	2.481	1.177	2.571	2.323	7.142	7.987	9.331	0.466	-0.556	0.228
1321	6.192	1.975	12.309	2.480	1.175	2.588	2.338	7.172	8.012	9.349	0.464	-0.506	0.271
1320	6.184	1.963	12.336	2.479	1.173	2.606	2.340	7.197	8.017	9.375	0.464	-0.478	0.305
1319	6.168	1.948	12.363	2.478	1.170	2.623	2.354	7.220	8.006	9.408	0.466	-0.449	0.345
1318	6.144	1.930	12.387	2.477	1.168	2.640	2.377	7.243	7.982	9.444	0.467	-0.420	0.385
1317	6.113	1.910	12.405	2.476	1.167	2.655	2.395	7.268	7.952	9.478	0.464	-0.394	0.419
1316	6.077	1.888	12.417	2.475	1.167	2.668	2.398	7.296	7.920	9.506	0.462	-0.376	0.445
1315	6.037	1.867	12.421	2.475	1.168	2.678	2.400	7.328	7.891	9.522	0.449	-0.353	0.462
1314	5.994	1.846	12.416	2.474	1.171	2.685	2.393	7.366	7.872	9.525	0.431	-0.327	0.473
1313	5.952	1.829	12.403	2.473	1.176	2.690	2.382	7.407	7.867	9.517	0.403	-0.295	0.472
1312	5.914	1.815	12.382	2.472	1.184	2.693	2.378	7.450	7.877	9.499	0.359	-0.250	0.464
1311	5.880	1.805	12.355	2.471	1.193	2.694	2.373	7.495	7.904	9.476	0.310	-0.197	0.454
1310	5.853	1.800	12.325	2.470	1.204	2.693	2.375	7.539	7.944	9.453	0.249	-0.136	0.441
1309	5.833	1.800	12.295	2.470	1.217	2.692	2.388	7.579	7.994	9.435	0.175	-0.067	0.425
1308	5.818	1.805	12.265	2.469	1.230	2.689	2.423	7.614	8.049	9.422	0.097	0.013	0.416
1307	5.807	1.813	12.240	2.468	1.243	2.685	2.483	7.643	8.105	9.414	0.018	0.105	0.415
1306	5.798	1.825	12.219	2.467	1.255	2.681	2.556	7.665	8.163	9.411	-0.062	0.199	0.418
1305	5.790	1.837	12.204	2.466	1.267	2.676	2.650	7.679	8.223	9.409	-0.139	0.299	0.426
1304	5.782	1.850	12.193	2.466	1.276	2.672	2.766	7.685	8.288	9.407	-0.209	0.409	0.446
1303	5.776	1.860	12.186	2.465	1.283	2.666	2.893	7.684	8.359	9.403	-0.260	0.521	0.480
1302	5.775	1.868	12.182	2.464	1.288	2.661	3.028	7.677	8.439	9.396	-0.298	0.636	0.527
1301	5.782	1.873	12.179	2.463	1.291	2.655	3.164	7.665	8.527	9.386	-0.314	0.750	0.586
1300	5.798	1.874	12.176	2.462	1.291	2.650	3.284	7.651	8.620	9.372	-0.308	0.852	0.655
1299	5.824	1.873	12.172	2.461	1.289	2.645	3.397	7.635	8.709	9.356	-0.284	0.947	0.732
1298	5.859	1.870	12.166	2.461	1.285	2.641	3.492	7.618	8.786	9.338	-0.248	1.023	0.806
1297	5.901	1.868	12.157	2.460	1.280	2.638	3.575	7.603	8.842	9.319	-0.207	1.086	0.877
1296	5.946	1.867	12.145	2.458	1.274	2.636	3.647	7.590	8.868	9.300	-0.161	1.131	0.939
1295	5.991	1.868	12.130	2.457	1.268	2.637	3.717	7.580	8.859	9.284	-0.127	1.165	0.988
1294	6.031	1.871	12.112	2.455	1.262	2.639	3.776	7.573	8.810	9.270	-0.104	1.179	1.018
1293	6.067	1.877	12.092	2.454	1.256	2.643	3.839	7.569	8.724	9.259	-0.096	1.184	1.031
1292	6.095	1.884	12.069	2.451	1.250	2.650	3.888	7.567	8.609	9.253	-0.094	1.170	1.031
1291	6.116	1.891	12.046	2.449	1.245	2.659	3.931	7.569	8.475	9.252	-0.108	1.149	1.016
1290	6.131	1.899	12.022	2.446	1.241	2.670	3.957	7.572	8.335	9.256	-0.133	1.115	0.989
1289	6.140	1.905	11.999	2.443	1.237	2.682	3.963	7.576	8.202	9.266	-0.159	1.072	0.957
1288	6.143	1.909	11.977	2.439	1.234	2.695	3.945	7.582	8.087	9.282	-0.185	1.021	0.923
1287	6.143	1.913	11.958	2.436	1.231	2.708	3.911	7.587	7.997	9.305	-0.216	0.968	0.887
1286	6.138	1.916	11.943	2.432	1.228	2.721	3.860	7.593	7.937	9.335	-0.242	0.917	0.859
1285	6.130	1.918	11.931	2.427	1.226	2.733	3.811	7.597	7.909	9.371	-0.263	0.877	0.842
1284	6.118	1.922	11.923	2.423	1.223	2.744	3.757	7.601	7.910	9.413	-0.284	0.845	0.832
1283	6.101	1.926	11.919	2.419	1.220	2.753	3.712	7.603	7.937	9.459	-0.301	0.827	0.833
1282	6.079	1.931	11.919	2.414	1.217	2.759	3.687	7.605	7.986	9.508	-0.311	0.832	0.851
1281	6.051	1.937	11.920	2.410	1.214	2.764	3.684	7.605	8.049	9.558	-0.324	0.854	0.877
1280	6.017	1.943	11.921	2.406	1.211	2.766	3.688	7.604	8.121	9.608	-0.335	0.884	0.908
1279	5.981	1.950	11.920	2.401	1.208	2.766	3.703	7.602	8.196	9.655	-0.340	0.921	0.943
1278	5.942	1.956	11.917	2.397	1.204	2.765	3.721	7.598	8.267	9.696	-0.340	0.956	0.977
1277	5.905	1.961	11.910	2.392	1.200	2.762	3.728	7.594	8.329	9.731	-0.332	0.981	1.007
1276	5.873	1.965	11.898	2.388	1.196	2.759	3.716	7.590	8.380	9.759	-0.320	0.989	1.026
1275	5.849	1.969	11.882	2.384	1.191	2.754	3.685	7.584	8.415	9.778	-0.300	0.975	1.034
1274	5.835	1.973	11.861	2.380	1.187	2.750	3.624	7.578	8.433	9.788	-0.275	0.935	1.024
1273	5.833	1.978	11.838	2.376	1.182	2.746	3.544	7.572	8.431	9.790	-0.242	0.874	1.005
1272	5.844	1.985	11.813	2.372	1.176	2.742	3.449	7.565	8.410	9.782	-0.203	0.795	0.975
1271	5.868	1.993	11.788	2.369	1.170	2.738	3.358	7.557	8.368	9.765	-0.160	0.709	0.939
1270	5.902	2.003	11.763	2.366	1.164	2.736	3.270	7.549	8.309	9.739	-0.115	0.619	0.897
1269	5.945	2.014	11.741	2.364	1.158	2.734	3.209	7.540	8.232	9.703	-0.071	0.539	0.856
1268	5.992	2.024	11.721	2.362	1.152	2.733	3.171	7.531	8.143	9.659	-0.022	0.470	0.821
1267	6.040	2.032	11.704	2.361	1.147	2.732	3.159	7.521	8.044	9.608	0.026	0.413	0.788
1266	6.084	2.036	11.691	2.361	1.143	2.731	3.169	7.511	7.940	9.552	0.071	0.369	0.758
1265	6.121	2.036	11.681	2.362	1.139	2.731	3.195	7.501	7.835	9.494	0.116	0.336	0.735
1264	6.148	2.030	11.674	2.363	1.138	2.730	3.228	7.491	7.732	9.436	0.157	0.308	0.711
1263	6.165	2.019	11.670	2.364	1.139	2.730	3.266	7.482	7.634	9.380	0.193	0.287	0.689
1262	6.172	2.004	11.668	2.366	1.142	2.728	3.292	7.474	7.542	9.327	0.221	0.260	0.661
1261	6.169	1.986	11.668	2.369	1.147	2.726	3.298	7.467	7.454	9.279	0.239	0.223	0.621
1260	6.158	1.968	11.669	2.371	1.156	2.723	3.280	7.463	7.370	9.237	0.241	0.175	0.567
1259	6.141	1.951	11.670	2.374	1.166	2.719	3.254	7.462	7.285	9.202	0.232	0.123	0.506
1258	6.121	1.937	11.672	2.376	1.178	2.714	3.212	7.465	7.196	9.174	0.212	0.063	0.436
1257	6.098	1.928	11.674	2.379	1.191	2.709	3.158	7.473	7.101	9.154	0.175	-0.002	0.355
1256	6.076	1.925	11.678	2.382	1.204	2.702	3.111	7.485	7.000	9.143	0.130	-0.060	0.275
1255	6.055	1.929	11.683	2.384	1.217	2.695	3.083	7.502	6.896	9.139	0.074	-0.102	0.202
1254	6.036	1.938	11.691	2.387	1.228	2.687	3.080	7.525	6.794	9.144	0.018	-0.121	0.146
1253	6.018	1.952	11.701	2.390	1.236	2.678	3.121	7.552	6.702	9.156	-0.036	-0.101	0.118
1252	6.003	1.971	11.715		1.241	2.670	3.204	7.585	6.629	9.175	-0.147	-0.040	0.005
1251	5.989	1.992	11.732		1.242	2.661	3.322	7.621	6.582	9.200	-0.179	0.057	0.052
1250	5.975	2.014	11.752		1.240	2.653	3.474	7.660	6.565	9.229	-0.199	0.193	0.130
1249	5.963	2.036	11.773		1.234	2.644	3.647	7.702	6.582	9.262	-0.199	0.359	0.240
1248	5.952	2.055	11.794		1.224	2.636	3.820	7.744	6.632	9.298	-0.176	0.537	0.376
1247	5.943	2.069	11.813		1.213	2.628	3.981	7.787	6.712	9.336	-0.137	0.720	0.527
1246	5.938	2.078	11.828		1.199	2.620	4.113	7.828	6.817	9.375	-0.070	0.891	0.687
1245	5.937	2.081	11.838		1.186	2.612	4.208	7.868	6.941	9.416	0.003	1.044	0.846
1244	5.941	2.078	11.842		1.173	2.605	4.281	7.904	7.079	9.460	0.093	1.183	1.008
1243	5.949	2.068	11.839		1.161	2.598	4.316	7.936	7.222	9.508	0.193	1.295	1.164
1242	5.963	2.054	11.830		1.152	2.591	4.331	7.963	7.367	9.561	0.288	1.388	1.311
1241	5.981	2.038	11.816		1.146	2.585	4.333	7.986	7.508	9.619	0.376	1.468	1.448
1240	6.004	2.020	11.798		1.142	2.579	4.343	8.003	7.643	9.681	0.459	1.544	1.583
1239	6.029	2.004	11.780		1.142	2.574	4.360	8.015	7.769	9.746	0.516	1.616	1.704
1238	6.055	1.990	11.763		1.144	2.570	4.386	8.023	7.884	9.810	0.559	1.687	1.814
1237	6.080	1.980	11.750		1.149	2.567	4.421	8.025	7.989	9.867	0.578	1.753	1.903
1236	6.102	1.974	11.743		1.155	2.564	4.463	8.024	8.083	9.913	0.577	1.817	1.973
1235	6.120	1.970	11.745		1.163	2.563	4.488	8.020	8.166	9.938	0.561	1.862	2.011
1234	6.132	1.967	11.759		1.170	2.562	4.486	8.013	8.236	9.937	0.544	1.880	2.019
1233	6.137	1.964	11.786		1.178	2.562	4.435	8.004	8.295	9.902	0.520	1.860	1.981
1232	6.135	1.959	11.827		1.184	2.563	4.335	7.994	8.340	9.832	0.505	1.800	1.908
1231	6.126	1.951	11.882		1.189	2.564	4.190	7.983	8.371	9.729	0.499	1.703	1.801
1230	6.111	1.938	11.952		1.193	2.566	4.000	7.972	8.388	9.601	0.510	1.570	1.670
1229	6.093	1.921	12.033		1.195	2.567	3.775	7.960	8.390	9.462	0.540	1.407	1.527
1228	6.072	1.900	12.123		1.196	2.569	3.537	7.949	8.380	9.326	0.583	1.232	1.388
1227	6.052	1.879	12.217		1.195	2.571	3.300	7.938	8.359	9.207	0.638	1.053	1.262
1226	6.036	1.858	12.310		1.193	2.573	3.076	7.928	8.330	9.115	0.700	0.880	1.160
1225	6.023	1.840	12.398		1.190	2.575	2.890	7.917	8.295	9.056	0.757	0.730	1.088
1224	6.016	1.827	12.477		1.187	2.577	2.734	7.907	8.257	9.029	0.806	0.600	1.037
1223	6.014	1.820	12.543		1.183	2.579	2.610	7.897	8.216	9.029	0.848	0.491	1.007
1222	6.016	1.820	12.595		1.179	2.580	2.535	7.888	8.174	9.046	0.869	0.415	0.994
1221	6.020	1.826	12.634		1.175	2.582	2.494	7.879	8.130	9.073	0.876	0.361	0.988
1220	6.024	1.838	12.659		1.171	2.583	2.488	7.871	8.084	9.102	0.866	0.331	0.985
1219	6.028	1.854	12.674		1.167	2.583	2.501	7.864	8.037	9.127	0.847	0.314	0.980
1218	6.030	1.871	12.680		1.164	2.583	2.528	7.858	7.989	9.143	0.821	0.308	0.969
1217	6.034	1.887	12.681		1.160	2.582	2.553	7.852	7.944	9.151	0.806	0.301	0.960
1216	6.040	1.902	12.679		1.157	2.579	2.565	7.848	7.904	9.153	0.798	0.290	0.946
1215	6.051	1.913	12.676		1.153	2.576	2.558	7.845	7.875	9.149	0.811	0.271	0.938
1214	6.070	1.921	12.674		1.149	2.571	2.543	7.843	7.861	9.144	0.845	0.253	0.942
1213	6.098	1.924	12.674		1.145	2.565	2.516	7.843	7.865	9.144	0.908	0.237	0.965
1212	6.136	1.923	12.675		1.141	2.557	2.493	7.844	7.889	9.150	0.992	0.231	1.012
1211	6.185	1.919	12.679		1.137	2.549	2.474	7.846	7.931	9.163	1.099	0.237	1.082
1210	6.242	1.912	12.683		1.132	2.540	2.472	7.849	7.989	9.183	1.228	0.261	1.180
1209	6.305	1.904	12.690		1.127	2.532	2.494	7.853	8.060	9.205	1.365	0.307	1.298
1208	6.369	1.895	12.696		1.121	2.524	2.551	7.857	8.137	9.228	1.510	0.380	1.436
1207	6.431	1.885	12.704		1.115	2.518	2.652	7.861	8.217	9.249	1.654	0.483	1.589
1206	6.486	1.876	12.711		1.109	2.513	2.782	7.866	8.297	9.265	1.787	0.607	1.743
1205	6.528	1.868	12.719		1.102	2.511	2.941	7.869	8.372	9.276	1.905	0.746	1.893
1204	6.556	1.863	12.726		1.094	2.512	3.105	7.872	8.441	9.283	2.002	0.886	2.026
1203	6.570	1.859	12.733		1.087	2.517	3.281	7.874	8.504	9.286	2.074	1.031	2.143
1202	6.569	1.858	12.739		1.079	2.525	3.452	7.874	8.560	9.286	2.123	1.168	2.236
1201	6.557	1.860	12.746		1.070	2.536	3.600	7.873	8.606	9.285	2.155	1.285	2.303
1200	6.539	1.865	12.751		1.061	2.550	3.716	7.870	8.643	9.284	2.167	1.374	2.341
1199	6.519	1.873	12.757		1.051	2.565	3.804	7.866	8.670	9.284	2.172	1.440	2.359
1198	6.500	1.883	12.762		1.042	2.582	3.854	7.860	8.685	9.284	2.163	1.473	2.351
1197	6.485	1.894	12.768		1.032	2.598	3.872	7.854	8.688	9.286	2.160	1.481	2.333
1196	6.475	1.907	12.773		1.023	2.614	3.869	7.847	8.679	9.289	2.155	1.468	2.302
1195	6.470	1.921	12.778		1.015	2.627	3.845	7.840	8.659	9.293	2.150	1.437	2.262
1194	6.470	1.934	12.783		1.007	2.637	3.805	7.834	8.629	9.298	2.156	1.392	2.224
1193	6.472	1.947	12.788		1.002	2.644	3.761	7.829	8.592	9.302	2.158	1.343	2.183
1192	6.476	1.958	12.793		0.999	2.645	3.715	7.826	8.551	9.307	2.166	1.293	2.148
1191	6.480	1.968	12.798		0.999	2.642	3.679	7.826	8.508	9.311	2.173	1.252	2.119
1190	6.482	1.975	12.801		1.001	2.634	3.651	7.829	8.464	9.314	2.182	1.219	2.099
1189	6.483	1.980	12.804		1.007	2.623	3.618	7.836	8.422	9.317	2.186	1.188	2.078
1188	6.483	1.982	12.806		1.015	2.608	3.598	7.847	8.383	9.318	2.192	1.171	2.068
1187	6.480	1.980	12.806		1.026	2.590	3.572	7.862	8.346	9.320	2.193	1.154	2.059
1186	6.477	1.974	12.804		1.038	2.572	3.533	7.882	8.314	9.320	2.201	1.136	2.051
1185	6.473	1.965	12.801		1.051	2.554	3.497	7.906	8.287	9.321	2.208	1.125	2.050
1184	6.468	1.952	12.798		1.065	2.538		7.934	8.267	9.320	2.214	1.704	2.072
1183	6.463	1.936	12.795		1.077	2.524		7.964	8.256	9.321	2.232	1.743	2.100
1182	6.456	1.917	12.792		1.087	2.513		7.997	8.254	9.322	2.254	1.792	2.134
1181	6.445	1.895	12.792		1.095	2.506		8.030	8.264	9.325	2.280	1.848	2.173
1180	6.429	1.871	12.796		1.100	2.504		8.062	8.285	9.331	2.312	1.909	2.217
1179	6.405	1.846	12.804		1.101	2.506		8.092	8.314	9.341	2.349	1.972	2.264
1178	6.372	1.820	12.817		1.099	2.512		8.117	8.348	9.356	2.386	2.029	2.311
1177	6.331	1.795	12.836		1.095	2.522		8.136	8.384	9.377	2.538	2.079	2.352
1176	6.281	1.769	12.860		1.088	2.534		8.149	8.417	9.406	2.575	2.118	2.394
1175	6.225	1.746	12.887		1.080	2.548		8.153	8.443	9.444	2.600	2.139	2.427
1174	6.166	1.725	12.917		1.071	2.563		8.149	8.460	9.490	2.620	2.143	2.455
1173	6.107	1.708	12.948		1.063	2.578		8.136	8.467	9.542	2.625	2.127	2.470
1172	6.051	1.695	12.977		1.055	2.592		8.114	8.464	9.599	2.624	2.092	2.479
1171	6.001	1.687	13.003		1.049	2.604		8.084	8.455	9.658	2.607	2.041	2.475
1170	5.959	1.685	13.025		1.046	2.615		8.047	8.441	9.716	2.569	1.977	2.455
1169	5.928	1.689	13.040		1.045	2.622		8.004	8.424	9.768	2.519	1.902	2.423
1168	5.907	1.697	13.048		1.047	2.628		7.957	8.406	9.809	2.455	1.820	2.377
1167	5.897	1.710	13.049		1.051	2.631		7.906	8.387	9.835	2.381	1.731	2.315
1166	5.898	1.726	13.043		1.057	2.632		7.854	8.365	9.842	2.301	1.639	2.239
1165	5.911	1.743	13.029		1.065	2.632		7.803	8.340	9.827	2.219	1.547	2.152
1164	5.933	1.760	13.010		1.074	2.631		7.754	8.309	9.789	2.141	1.455	2.054
1163	5.964	1.774	12.983		1.084	2.630		7.708	8.272	9.729	2.072	1.364	1.949
1162	6.002	1.785	12.952		1.093	2.629		7.667	8.230	9.647	2.020	1.277	1.843
1161	6.045	1.792	12.916		1.103	2.630		7.633	8.184	9.549	1.972	1.198	1.734
1160	6.089	1.793	12.876		1.113	2.632		7.605	8.134	9.439	1.936	1.127	1.626
1159	6.133	1.791	12.832		1.121	2.636		7.586	8.084	9.324	1.912	1.069	1.526
1158	6.174	1.785	12.788		1.129	2.643		7.574	8.036	9.211	1.888	1.023	1.431
1157	6.210	1.776	12.742		1.136	2.652		7.569	7.993	9.108	1.866	0.990	1.346
1156	6.241	1.766	12.698		1.143	2.664		7.571	7.956	9.021	1.836	0.972	1.270
1155	6.267	1.756	12.656		1.148	2.677		7.579	7.928	8.954	1.808	0.967	1.211
1154	6.287	1.748	12.618		1.153	2.691		7.591	7.907	8.910	1.768	0.973	1.161
1153	6.306	1.742	12.584		1.157	2.706		7.606	7.896	8.890	1.727	0.990	1.130
1152	6.323	1.739	12.554		1.160	2.720		7.622	7.892	8.891	1.685	1.012	1.112
1151	6.340	1.739	12.529		1.162	2.732		7.637	7.896	8.910	1.646	1.037	1.108
1150	6.356	1.743	12.507		1.163	2.741		7.651	7.906	8.943	1.610	1.064	1.116
1149	6.371	1.749	12.490		1.163	2.747		7.662	7.921	8.985	1.584	1.090	1.136
1148	6.384	1.758	12.475		1.162	2.748		7.669	7.939	9.031	1.567	1.111	1.162
1147	6.393	1.768	12.461		1.160	2.744		7.670	7.958	9.078	1.562	1.123	1.194
1146	6.395	1.780	12.449		1.158	2.735		7.667	7.978	9.124	1.561	1.130	1.226
1145	6.392	1.793	12.436		1.155	2.721		7.658	7.998	9.165	1.571	1.128	1.258
1144	6.383	1.806	12.422		1.152	2.702		7.645	8.018	9.199	1.586	1.120	1.288
1143	6.369	1.818	12.405		1.149	2.680		7.628	8.035	9.225	1.606	1.104	1.313
1142	6.354	1.830	12.386		1.146	2.657		7.608	8.052	9.241	1.630	1.084	1.332
1141	6.339	1.839	12.363		1.144	2.633		7.587	8.067	9.247	1.655	1.060	1.346
1140	6.325	1.847	12.335		1.142	2.610		7.565	8.080	9.243	1.678	1.035	1.351
1139	6.314	1.851	12.301		1.141	2.591		7.545	8.093	9.230	1.699	1.012	1.349
1138	6.305	1.852	12.260		1.141	2.576		7.527	8.105	9.209	1.708	0.991	1.336
1137	6.296	1.849	12.212		1.141	2.568		7.514	8.117	9.182	1.709	0.979	1.315
1136	6.288	1.842	12.156		1.142	2.566		7.506	8.127	9.152	1.694	0.972	1.284
1135	6.279	1.830	12.093		1.143	2.572		7.506	8.137	9.122	1.668	0.978	1.248
1134	6.268	1.815	12.024		1.145	2.586		7.514	8.146	9.094	1.619	0.995	1.202
1133	6.258	1.798	11.951		1.146	2.607		7.532	8.152	9.071	1.561	1.026	1.157
1132	6.251	1.780	11.877		1.148	2.633		7.560	8.156	9.055	1.489	1.071	1.111
1131	6.248	1.763	11.804		1.148	2.664		7.598	8.157	9.047	1.417	1.130	1.075
1130	6.254	1.749	11.735		1.149	2.696		7.645	8.155	9.045	1.336	1.200	1.043
1129	6.271	1.738	11.674		1.149	2.729		7.701	8.150	9.048	1.265	1.282	1.025
1128	6.299	1.734	11.622		1.149	2.761		7.763	8.142	9.052	1.193	1.372	1.012
1127	6.338	1.735	11.581		1.148	2.790		7.830	8.133	9.054	1.137	1.468	1.013
1126	6.387	1.743	11.551		1.147	2.814		7.899	8.123	9.048	1.088	1.567	1.017
1125	6.441	1.757	11.533		1.145	2.832		7.965	8.111	9.030	1.054	1.660	1.024
1124	6.496	1.776	11.524		1.144	2.844		8.027	8.100	8.999	1.024	1.748	1.025
1123	6.550	1.798	11.523		1.143	2.849		8.081	8.088	8.952	1.006	1.823	1.021
1122	6.596	1.822	11.528		1.143	2.848		8.123	8.076	8.891	0.990	1.880	1.004
1121	6.631	1.847	11.535		1.144	2.841		8.151	8.063	8.819	0.971	1.915	0.971
1120	6.653	1.870	11.543		1.145	2.830		8.164	8.049	8.741	0.957	1.927	0.929
1119	6.659	1.890	11.550		1.147	2.816		8.159	8.036	8.665	0.940	1.912	0.874
1118	6.650	1.907	11.554		1.151	2.799		8.137	8.023	8.601	0.911	1.871	0.809
1117	6.629	1.919	11.555		1.155	2.781		8.099	8.011	8.555	0.885	1.806	0.746
1116	6.598	1.928	11.552		1.159	2.764		8.045	8.001	8.534	0.857	1.718	0.686
1115	6.561	1.933	11.545		1.164	2.747		7.977	7.995	8.540	0.825	1.611	0.632
1114	6.524	1.935	11.534		1.168	2.731		7.900	7.993	8.570	0.801	1.493	0.591
1113	6.489	1.935	11.519		1.171	2.717		7.815	7.998	8.620	0.782	1.367	0.562
1112	6.458	1.934	11.502		1.173	2.705		7.727	8.008	8.681	0.769	1.239	0.541
1111	6.432	1.932	11.481		1.173	2.695		7.639	8.027	8.745	0.766	1.116	0.530
1110	6.409	1.930	11.458		1.172	2.687		7.555	8.052	8.804	0.766	1.003	0.520
1109	6.389	1.929	11.433		1.168	2.681		7.479	8.085	8.855	0.776	0.907	0.518
1108	6.370	1.929	11.406		1.162	2.675		7.414	8.124	8.894	0.792	0.831	0.520
1107	6.351	1.929	11.378		1.154	2.670		7.363	8.167	8.922	0.816	0.778	0.527
1106	6.332	1.930	11.350		1.144	2.665		7.328	8.212	8.939	0.848	0.751	0.542
1105	6.313	1.933	11.323		1.133	2.659		7.309	8.257	8.950	0.880	0.748	0.564
1104	6.294	1.935	11.298		1.122	2.653		7.309	8.300	8.954	0.919	0.773	0.595
1103	6.277	1.939	11.275		1.110	2.646		7.325	8.339	8.954	0.962	0.820	0.636
1102	6.262	1.942	11.256		1.099	2.637		7.357	8.372	8.951	1.011	0.888	0.686
1101	6.249	1.946	11.242		1.088	2.627		7.403	8.398	8.947	1.065	0.973	0.746
1100	6.237	1.950	11.233		1.079	2.616		7.459	8.417	8.940	1.115	1.069	0.808
1099	6.226	1.953	11.228		1.071	2.603		7.523	8.430	8.932	1.169	1.174	0.875
1098	6.214	1.956	11.229		1.065	2.589		7.592	8.436	8.920	1.218	1.283	0.938
1097	6.199	1.959	11.234		1.060	2.575		7.662	8.436	8.903	1.262	1.389	0.995
1096	6.182	1.961	11.242		1.057	2.560		7.731	8.432	8.881	1.300	1.492	1.044
1095	6.163	1.963	11.254		1.055	2.545		7.797	8.426	8.854	1.333	1.588	1.086
1094	6.144	1.963	11.267		1.055	2.530		7.856	8.418	8.822	1.362	1.673	1.118
1093	6.128	1.963	11.283		1.056	2.515		7.909	8.410	8.785	1.389	1.749	1.143
1092	6.117	1.961	11.299		1.059	2.500		7.954	8.402	8.746	1.415	1.813	1.162
1091	6.113	1.958	11.315		1.064	2.486		7.992	8.395	8.708	1.439	1.867	1.179
1090	6.118	1.955	11.331		1.070	2.473		8.022	8.388	8.672	1.465	1.908	1.193
1089	6.133	1.950	11.346		1.078	2.460		8.046	8.382	8.643	1.493	1.941	1.211
1088	6.156	1.945	11.358		1.088	2.448		8.063	8.377	8.623	1.516	1.964	1.229
1087	6.188	1.940	11.368		1.098	2.437		8.074	8.371	8.616	1.544	1.977	1.254
1086	6.224	1.936	11.374		1.109	2.427		8.080	8.367	8.620	1.563	1.984	1.279
1085	6.264	1.932	11.375		1.121	2.418		8.083	8.363	8.634	1.576	1.986	1.304
1084	6.304	1.930	11.370		1.132	2.410		8.081	8.362	8.657	1.582	1.983	1.328
1083	6.342	1.930	11.358		1.142	2.404		8.077	8.363	8.681	1.579	1.977	1.346
1082	6.377	1.933	11.339		1.152	2.399		8.070	8.367	8.705	1.556	1.969	1.350
1081	6.405	1.937	11.313		1.159	2.397		8.061	8.376	8.723	1.531	1.960	1.347
1080	6.426	1.944	11.281		1.164	2.397		8.050	8.388	8.734	1.491	1.951	1.329
1079	6.439	1.953	11.245		1.167	2.400		8.037	8.402	8.740	1.439	1.939	1.299
1078	6.444	1.964	11.206		1.168	2.405		8.022	8.418	8.743	1.377	1.926	1.259
1077	6.442	1.975	11.167		1.166	2.413		8.006	8.432	8.747	1.317	1.909	1.217
1076	6.434	1.987	11.132		1.163	2.422		7.988	8.441	8.756	1.250	1.887	1.170
1075	6.421	1.998	11.102		1.158	2.434		7.968	8.441	8.771	1.188	1.857	1.126
1074	6.406	2.008	11.080		1.152	2.446		7.947	8.432	8.793	1.132	1.820	1.086
1073	6.390	2.017	11.068		1.145	2.460		7.924	8.411	8.821	1.084	1.773	1.051
1072	6.377	2.025	11.067		1.138	2.475		7.899	8.380	8.852	1.045	1.717	1.020
1071	6.369	2.031	11.077		1.132	2.490		7.872	8.342	8.885	1.015	1.653	0.993
1070	6.368	2.035	11.098		1.127	2.506		7.844	8.301	8.916	0.996	1.587	0.971
1069	6.375	2.038	11.127		1.122	2.522		7.814	8.261	8.944	0.991	1.518	0.956
1068	6.392	2.039	11.165		1.118	2.537		7.782	8.226	8.968	1.000	1.449	0.948
1067	6.417	2.039	11.207		1.116	2.553		7.748	8.198	8.988	1.011	1.381	0.940
1066	6.450	2.038	11.253		1.115	2.569		7.713	8.180	9.003	1.030	1.318	0.937
1065	6.486	2.036	11.301		1.116	2.584		7.677	8.172	9.016	1.045	1.258	0.933
1064	6.524	2.033	11.349		1.118	2.599		7.640	8.173	9.024	1.060	1.203	0.928
1063	6.560	2.029	11.397		1.123	2.614		7.604	8.184	9.030	1.062	1.154	0.917
1062	6.589	2.025	11.443		1.130	2.628		7.568	8.204	9.033	1.048	1.111	0.896
1061	6.609	2.020	11.486		1.140	2.642		7.535	8.232	9.033	1.012	1.077	0.864
1060	6.617	2.014	11.527		1.152	2.655		7.505	8.267	9.030	0.958	1.052	0.822
1059	6.611	2.007	11.564		1.168	2.666		7.479	8.307	9.022	0.875	1.036	0.761
1058	6.592	2.000	11.599		1.186	2.677		7.458	8.351	9.010	0.770	1.030	0.689
1057	6.561	1.993	11.629		1.205	2.686		7.445	8.395	8.993	0.650	1.035	0.609
1056	6.521	1.985	11.656		1.227	2.694		7.438	8.436	8.969	0.512	1.049	0.516
1055	6.476	1.977	11.678		1.248	2.701		7.440	8.468	8.939	0.374	1.070	0.423
1054	6.432	1.968	11.695		1.269	2.706		7.450	8.491	8.903	0.243	1.099	0.332
1053	6.391	1.958	11.707		1.288	2.710		7.468	8.502	8.861	0.128	1.133	0.250
1052	6.359	1.949	11.715		1.304	2.713		7.494	8.502	8.815	0.035	1.172	0.181
1051	6.335	1.939	11.717		1.317	2.714		7.528	8.494	8.767	-0.031	1.219	0.130
1050	6.320	1.929	11.716		1.325	2.715		7.567	8.481	8.720	-0.061	1.271	0.103
1049	6.312	1.918	11.711		1.329	2.714		7.610	8.468	8.679	-0.059	1.329	0.100
1048	6.308	1.908	11.702		1.329	2.712		7.655	8.459	8.649	-0.035	1.392	0.120
1047	6.306	1.898	11.690		1.324	2.709		7.699	8.458	8.636	0.019	1.458	0.167
1046	6.304	1.888	11.676		1.317	2.705		7.740	8.463	8.646	0.086	1.523	0.236
1045	6.300	1.879	11.660		1.307	2.699		7.777	8.475	8.681	0.167	1.586	0.325
1044	6.296	1.870	11.641		1.297	2.692		7.806	8.492	8.742	0.249	1.640	0.429
1043	6.293	1.861	11.621		1.288	2.684		7.828	8.510	8.830	0.330	1.684	0.544
1042	6.294	1.854	11.600		1.280	2.675		7.840	8.529	8.940	0.406	1.714	0.664
1041	6.299	1.847	11.577		1.274	2.666		7.843	8.545	9.067	0.476	1.727	0.786
1040	6.312	1.842	11.554		1.272	2.656		7.836	8.558	9.204	0.528	1.724	0.899
1039	6.331	1.839	11.531		1.272	2.647		7.822	8.567	9.341	0.569	1.708	1.002
1038	6.357	1.838	11.508		1.276	2.639		7.800	8.571	9.468	0.589	1.677	1.082
1037	6.387	1.839	11.487		1.283	2.631		7.773	8.571	9.579	0.589	1.636	1.138
1036	6.419	1.844	11.468		1.291	2.626		7.742	8.564	9.665	0.572	1.585	1.166
1035	6.451	1.852	11.450		1.300	2.622		7.710	8.552	9.726	0.536	1.529	1.167
1034	6.479	1.863	11.435		1.308	2.620		7.679	8.533	9.760	0.490	1.471	1.143
1033	6.501	1.878	11.423		1.315	2.620		7.651	8.507	9.773	0.428	1.414	1.097
1032	6.515	1.897	11.414		1.318	2.623		7.628	8.476	9.770	0.364	1.361	1.040
1031	6.522	1.917	11.406		1.318	2.626		7.611	8.443	9.760	0.302	1.316	0.982
1030	6.521	1.940	11.401		1.313	2.631		7.601	8.409	9.746	0.248	1.281	0.929
1029	6.514	1.963	11.397		1.304	2.636		7.600	8.380	9.733	0.209	1.262	0.889
1028	6.504	1.986	11.394		1.290	2.641		7.609	8.359	9.721	0.193	1.264	0.870
1027	6.493	2.008	11.391		1.272	2.645		7.625	8.351	9.710	0.201	1.283	0.871
1026	6.484	2.028	11.389		1.252	2.648		7.650	8.359	9.699	0.232	1.326	0.895
1025	6.483	2.044	11.386		1.230	2.649		7.682	8.385	9.683	0.296	1.390	0.944
1024	6.489	2.057	11.383		1.209	2.647		7.719	8.431	9.661	0.377	1.473	1.008
1023	6.507	2.067	11.379		1.188	2.643		7.760	8.495	9.632	0.484	1.572	1.091
1022	6.533	2.073	11.375		1.171	2.636		7.803	8.573	9.594	0.598	1.683	1.179
1021	6.567	2.075	11.371		1.156	2.627		7.846	8.659	9.547	0.726	1.798	1.274
1020	6.605	2.076	11.367		1.147	2.615		7.888	8.747	9.493	0.837	1.913	1.355
1019	6.642	2.074	11.364		1.141	2.601		7.928	8.827	9.434	0.944	2.021	1.430
1018	6.673	2.071	11.361		1.140	2.587		7.964	8.894	9.372	1.025	2.114	1.483
1017	6.693	2.067	11.359		1.142	2.572		7.996	8.941	9.312	1.084	2.190	1.517
1016	6.699	2.064	11.359		1.148	2.558		8.023	8.967	9.258	1.106	2.246	1.524
1015	6.687	2.061	11.361		1.155	2.545		8.046	8.969	9.213	1.103	2.283	1.512
1014	6.656	2.059	11.365		1.164	2.534		8.065	8.950	9.182	1.064	2.300	1.478
1013	6.606	2.058	11.370		1.172	2.525		8.079	8.913	9.167	1.004	2.300	1.431
1012	6.541	2.057	11.377		1.180	2.519		8.091	8.863	9.171	0.921	2.289	1.377
1011	6.466	2.058	11.384		1.187	2.517		8.100	8.804	9.195	0.821	2.269	1.318
1010	6.388	2.058	11.392		1.191	2.517		8.107	8.741	9.235	0.728	2.243	1.269
1009	6.313	2.059	11.399		1.194	2.520		8.112	8.678	9.287	0.632	2.214	1.224
1008	6.251	2.060	11.404		1.195	2.525		8.117	8.619	9.345	0.552	2.187	1.194
1007	6.205	2.060	11.406		1.194	2.532		8.121	8.568	9.401	0.495	2.163	1.177
1006	6.180	2.059	11.403		1.191	2.540		8.125	8.528	9.447	0.465	2.146	1.175
1005	6.174	2.056	11.396		1.187	2.549		8.129	8.500	9.476	0.461	2.136	1.182
1004	6.184	2.052	11.384		1.183	2.558		8.133	8.485	9.485	0.473	2.133	1.191
1003	6.204	2.047	11.366		1.178	2.567		8.137	8.481	9.473	0.500	2.137	1.199
1002	6.227	2.039	11.343		1.173	2.575		8.141	8.486	9.442	0.538	2.146	1.206
1001	6.247	2.031	11.317		1.168	2.581		8.145	8.500	9.397	0.575	2.160	1.204
1000	6.261	2.021	11.287		1.164	2.587		8.148	8.517	9.343	0.607	2.175	1.195
